date,base,quote,type,value
2019-01-02,ARS,UYU,buy,0.861504
2019-01-02,ARS,UYU,sell,0.861504
2019-01-02,AUD,UYU,buy,22.663454
2019-01-02,AUD,UYU,sell,22.663454
2019-01-02,BRL,UYU,buy,8.525939
2019-01-02,BRL,UYU,sell,8.525939
2019-01-02,CAD,UYU,buy,23.853312
2019-01-02,CAD,UYU,sell,23.853312
2019-01-02,CHF,UYU,buy,32.698029
2019-01-02,CHF,UYU,sell,32.698029
2019-01-02,CLP,UYU,buy,0.04649
2019-01-02,CLP,UYU,sell,0.04649
2019-01-02,CNY,UYU,buy,4.725298
2019-01-02,CNY,UYU,sell,4.725298
2019-01-02,COP,UYU,buy,0.010009
2019-01-02,COP,UYU,sell,0.010009
2019-01-02,DKK,UYU,buy,4.920147
2019-01-02,DKK,UYU,sell,4.920147
2019-01-02,EUR,UYU,buy,36.739146
2019-01-02,EUR,UYU,sell,36.739146
2019-01-02,GBP,UYU,buy,40.824696
2019-01-02,GBP,UYU,sell,40.824696
2019-01-02,HKD,UYU,buy,4.138534
2019-01-02,HKD,UYU,sell,4.138534
2019-01-02,HUF,UYU,buy,0.114009
2019-01-02,HUF,UYU,sell,0.114009
2019-01-02,INR,UYU,buy,0.462092
2019-01-02,INR,UYU,sell,0.462092
2019-01-02,ISK,UYU,buy,0.274939
2019-01-02,ISK,UYU,sell,0.274939
2019-01-02,JPY,UYU,buy,0.29643
2019-01-02,JPY,UYU,sell,0.29643
2019-01-02,KRW,UYU,buy,0.028969
2019-01-02,KRW,UYU,sell,0.028969
2019-01-02,MXN,UYU,buy,1.656835
2019-01-02,MXN,UYU,sell,1.656835
2019-01-02,MYR,UYU,buy,7.837805
2019-01-02,MYR,UYU,sell,7.837805
2019-01-02,NOK,UYU,buy,3.718975
2019-01-02,NOK,UYU,sell,3.718975
2019-01-02,NZD,UYU,buy,21.590186
2019-01-02,NZD,UYU,sell,21.590186
2019-01-02,PEN,UYU,buy,9.62666
2019-01-02,PEN,UYU,sell,9.62666
2019-01-02,PYG,UYU,buy,0.005425
2019-01-02,PYG,UYU,sell,0.005425
2019-01-02,RUB,UYU,buy,0.471053
2019-01-02,RUB,UYU,sell,0.471053
2019-01-02,SEK,UYU,buy,3.595945
2019-01-02,SEK,UYU,sell,3.595945
2019-01-02,TRY,UYU,buy,6.016383
2019-01-02,TRY,UYU,sell,6.016383
2019-01-02,USD,UYU,buy,32.441
2019-01-02,USD,UYU,sell,32.441
2019-01-02,VES,UYU,buy,0.050872
2019-01-02,VES,UYU,sell,0.050872
2019-01-02,XDR,UYU,buy,45.091502
2019-01-02,XDR,UYU,sell,45.091502
2019-01-02,ZAR,UYU,buy,2.249596
2019-01-02,ZAR,UYU,sell,2.249596
2019-01-03,ARS,UYU,buy,0.866203
2019-01-03,ARS,UYU,sell,0.866203
2019-01-03,AUD,UYU,buy,22.744165
2019-01-03,AUD,UYU,sell,22.744165
2019-01-03,BRL,UYU,buy,8.636267
2019-01-03,BRL,UYU,sell,8.636267
2019-01-03,CAD,UYU,buy,24.070186
2019-01-03,CAD,UYU,sell,24.070186
2019-01-03,CHF,UYU,buy,32.802184
2019-01-03,CHF,UYU,sell,32.802184
2019-01-03,CLP,UYU,buy,0.04665
2019-01-03,CLP,UYU,sell,0.04665
2019-01-03,CNY,UYU,buy,4.720973
2019-01-03,CNY,UYU,sell,4.720973
2019-01-03,COP,UYU,buy,0.010002
2019-01-03,COP,UYU,sell,0.010002
2019-01-03,DKK,UYU,buy,4.952487
2019-01-03,DKK,UYU,sell,4.952487
2019-01-03,EUR,UYU,buy,36.981775
2019-01-03,EUR,UYU,sell,36.981775
2019-01-03,GBP,UYU,buy,40.967398
2019-01-03,GBP,UYU,sell,40.967398
2019-01-03,HKD,UYU,buy,4.143105
2019-01-03,HKD,UYU,sell,4.143105
2019-01-03,HUF,UYU,buy,0.115248
2019-01-03,HUF,UYU,sell,0.115248
2019-01-03,INR,UYU,buy,0.462299
2019-01-03,INR,UYU,sell,0.462299
2019-01-03,ISK,UYU,buy,0.276381
2019-01-03,ISK,UYU,sell,0.276381
2019-01-03,JPY,UYU,buy,0.300885
2019-01-03,JPY,UYU,sell,0.300885
2019-01-03,KRW,UYU,buy,0.028764
2019-01-03,KRW,UYU,sell,0.028764
2019-01-03,MXN,UYU,buy,1.656459
2019-01-03,MXN,UYU,sell,1.656459
2019-01-03,MYR,UYU,buy,7.829854
2019-01-03,MYR,UYU,sell,7.829854
2019-01-03,NOK,UYU,buy,3.735112
2019-01-03,NOK,UYU,sell,3.735112
2019-01-03,NZD,UYU,buy,21.728699
2019-01-03,NZD,UYU,sell,21.728699
2019-01-03,PEN,UYU,buy,9.633148
2019-01-03,PEN,UYU,sell,9.633148
2019-01-03,PYG,UYU,buy,0.005419
2019-01-03,PYG,UYU,sell,0.005419
2019-01-03,RUB,UYU,buy,0.472909
2019-01-03,RUB,UYU,sell,0.472909
2019-01-03,SEK,UYU,buy,3.60596
2019-01-03,SEK,UYU,sell,3.60596
2019-01-03,TRY,UYU,buy,5.943628
2019-01-03,TRY,UYU,sell,5.943628
2019-01-03,USD,UYU,buy,32.459
2019-01-03,USD,UYU,sell,32.459
2019-01-03,VES,UYU,buy,0.0509
2019-01-03,VES,UYU,sell,0.0509
2019-01-03,XDR,UYU,buy,45.010445
2019-01-03,XDR,UYU,sell,45.010445
2019-01-03,ZAR,UYU,buy,2.268852
2019-01-03,ZAR,UYU,sell,2.268852
2019-01-04,ARS,UYU,buy,0.869313
2019-01-04,ARS,UYU,sell,0.869313
2019-01-04,AUD,UYU,buy,23.118352
2019-01-04,AUD,UYU,sell,23.118352
2019-01-04,BRL,UYU,buy,8.742497
2019-01-04,BRL,UYU,sell,8.742497
2019-01-04,CAD,UYU,buy,24.242266
2019-01-04,CAD,UYU,sell,24.242266
2019-01-04,CHF,UYU,buy,32.93384
2019-01-04,CHF,UYU,sell,32.93384
2019-01-04,CLP,UYU,buy,0.047606
2019-01-04,CLP,UYU,sell,0.047606
2019-01-04,CNY,UYU,buy,4.728498
2019-01-04,CNY,UYU,sell,4.728498
2019-01-04,COP,UYU,buy,0.010171
2019-01-04,COP,UYU,sell,0.010171
2019-01-04,DKK,UYU,buy,4.959234
2019-01-04,DKK,UYU,sell,4.959234
2019-01-04,EUR,UYU,buy,37.033212
2019-01-04,EUR,UYU,sell,37.033212
2019-01-04,GBP,UYU,buy,41.351561
2019-01-04,GBP,UYU,sell,41.351561
2019-01-04,HKD,UYU,buy,4.145708
2019-01-04,HKD,UYU,sell,4.145708
2019-01-04,HUF,UYU,buy,0.115401
2019-01-04,HUF,UYU,sell,0.115401
2019-01-04,INR,UYU,buy,0.465786
2019-01-04,INR,UYU,sell,0.465786
2019-01-04,ISK,UYU,buy,0.275964
2019-01-04,ISK,UYU,sell,0.275964
2019-01-04,JPY,UYU,buy,0.299571
2019-01-04,JPY,UYU,sell,0.299571
2019-01-04,KRW,UYU,buy,0.028886
2019-01-04,KRW,UYU,sell,0.028886
2019-01-04,MXN,UYU,buy,1.671848
2019-01-04,MXN,UYU,sell,1.671848
2019-01-04,MYR,UYU,buy,7.85324
2019-01-04,MYR,UYU,sell,7.85324
2019-01-04,NOK,UYU,buy,3.766983
2019-01-04,NOK,UYU,sell,3.766983
2019-01-04,NZD,UYU,buy,21.908435
2019-01-04,NZD,UYU,sell,21.908435
2019-01-04,PEN,UYU,buy,9.709443
2019-01-04,PEN,UYU,sell,9.709443
2019-01-04,PYG,UYU,buy,0.005396
2019-01-04,PYG,UYU,sell,0.005396
2019-01-04,RUB,UYU,buy,0.480476
2019-01-04,RUB,UYU,sell,0.480476
2019-01-04,SEK,UYU,buy,3.624646
2019-01-04,SEK,UYU,sell,3.624646
2019-01-04,TRY,UYU,buy,6.080022
2019-01-04,TRY,UYU,sell,6.080022
2019-01-04,USD,UYU,buy,32.497
2019-01-04,USD,UYU,sell,32.497
2019-01-04,VES,UYU,buy,0.05096
2019-01-04,VES,UYU,sell,0.05096
2019-01-04,XDR,UYU,buy,45.172626
2019-01-04,XDR,UYU,sell,45.172626
2019-01-04,ZAR,UYU,buy,2.326886
2019-01-04,ZAR,UYU,sell,2.326886
2019-01-07,ARS,UYU,buy,0.870834
2019-01-07,ARS,UYU,sell,0.870834
2019-01-07,AUD,UYU,buy,23.204876
2019-01-07,AUD,UYU,sell,23.204876
2019-01-07,BRL,UYU,buy,8.70321
2019-01-07,BRL,UYU,sell,8.70321
2019-01-07,CAD,UYU,buy,24.446451
2019-01-07,CAD,UYU,sell,24.446451
2019-01-07,CHF,UYU,buy,33.147666
2019-01-07,CHF,UYU,sell,33.147666
2019-01-07,CLP,UYU,buy,0.047787
2019-01-07,CLP,UYU,sell,0.047787
2019-01-07,CNY,UYU,buy,4.742811
2019-01-07,CNY,UYU,sell,4.742811
2019-01-07,COP,UYU,buy,0.010224
2019-01-07,COP,UYU,sell,0.010224
2019-01-07,DKK,UYU,buy,4.993661
2019-01-07,DKK,UYU,sell,4.993661
2019-01-07,EUR,UYU,buy,37.290591
2019-01-07,EUR,UYU,sell,37.290591
2019-01-07,GBP,UYU,buy,41.488687
2019-01-07,GBP,UYU,sell,41.488687
2019-01-07,HKD,UYU,buy,4.146922
2019-01-07,HKD,UYU,sell,4.146922
2019-01-07,HUF,UYU,buy,0.116104
2019-01-07,HUF,UYU,sell,0.116104
2019-01-07,INR,UYU,buy,0.466301
2019-01-07,INR,UYU,sell,0.466301
2019-01-07,ISK,UYU,buy,0.275785
2019-01-07,ISK,UYU,sell,0.275785
2019-01-07,JPY,UYU,buy,0.299102
2019-01-07,JPY,UYU,sell,0.299102
2019-01-07,KRW,UYU,buy,0.029045
2019-01-07,KRW,UYU,sell,0.029045
2019-01-07,MXN,UYU,buy,1.677426
2019-01-07,MXN,UYU,sell,1.677426
2019-01-07,MYR,UYU,buy,7.896713
2019-01-07,MYR,UYU,sell,7.896713
2019-01-07,NOK,UYU,buy,3.807543
2019-01-07,NOK,UYU,sell,3.807543
2019-01-07,NZD,UYU,buy,21.937649
2019-01-07,NZD,UYU,sell,21.937649
2019-01-07,PEN,UYU,buy,9.692748
2019-01-07,PEN,UYU,sell,9.692748
2019-01-07,PYG,UYU,buy,0.005416
2019-01-07,PYG,UYU,sell,0.005416
2019-01-07,RUB,UYU,buy,0.487368
2019-01-07,RUB,UYU,sell,0.487368
2019-01-07,SEK,UYU,buy,3.652725
2019-01-07,SEK,UYU,sell,3.652725
2019-01-07,TRY,UYU,buy,6.027938
2019-01-07,TRY,UYU,sell,6.027938
2019-01-07,USD,UYU,buy,32.509
2019-01-07,USD,UYU,sell,32.509
2019-01-07,VES,UYU,buy,0.050979
2019-01-07,VES,UYU,sell,0.050979
2019-01-07,XDR,UYU,buy,45.25755
2019-01-07,XDR,UYU,sell,45.25755
2019-01-07,ZAR,UYU,buy,2.339789
2019-01-07,ZAR,UYU,sell,2.339789
2019-01-08,ARS,UYU,buy,0.865771
2019-01-08,ARS,UYU,sell,0.865771
2019-01-08,AUD,UYU,buy,23.217654
2019-01-08,AUD,UYU,sell,23.217654
2019-01-08,BRL,UYU,buy,8.749933
2019-01-08,BRL,UYU,sell,8.749933
2019-01-08,CAD,UYU,buy,24.47413
2019-01-08,CAD,UYU,sell,24.47413
2019-01-08,CHF,UYU,buy,33.141401
2019-01-08,CHF,UYU,sell,33.141401
2019-01-08,CLP,UYU,buy,0.047811
2019-01-08,CLP,UYU,sell,0.047811
2019-01-08,CNY,UYU,buy,4.745228
2019-01-08,CNY,UYU,sell,4.745228
2019-01-08,COP,UYU,buy,0.010319
2019-01-08,COP,UYU,sell,0.010319
2019-01-08,DKK,UYU,buy,4.983793
2019-01-08,DKK,UYU,sell,4.983793
2019-01-08,EUR,UYU,buy,37.21101
2019-01-08,EUR,UYU,sell,37.21101
2019-01-08,GBP,UYU,buy,41.33292
2019-01-08,GBP,UYU,sell,41.33292
2019-01-08,HKD,UYU,buy,4.148674
2019-01-08,HKD,UYU,sell,4.148674
2019-01-08,HUF,UYU,buy,0.115622
2019-01-08,HUF,UYU,sell,0.115622
2019-01-08,INR,UYU,buy,0.463248
2019-01-08,INR,UYU,sell,0.463248
2019-01-08,ISK,UYU,buy,0.273656
2019-01-08,ISK,UYU,sell,0.273656
2019-01-08,JPY,UYU,buy,0.299295
2019-01-08,JPY,UYU,sell,0.299295
2019-01-08,KRW,UYU,buy,0.028935
2019-01-08,KRW,UYU,sell,0.028935
2019-01-08,MXN,UYU,buy,1.680051
2019-01-08,MXN,UYU,sell,1.680051
2019-01-08,MYR,UYU,buy,7.896558
2019-01-08,MYR,UYU,sell,7.896558
2019-01-08,NOK,UYU,buy,3.803842
2019-01-08,NOK,UYU,sell,3.803842
2019-01-08,NZD,UYU,buy,21.871326
2019-01-08,NZD,UYU,sell,21.871326
2019-01-08,PEN,UYU,buy,9.734341
2019-01-08,PEN,UYU,sell,9.734341
2019-01-08,PYG,UYU,buy,0.005422
2019-01-08,PYG,UYU,sell,0.005422
2019-01-08,RUB,UYU,buy,0.486708
2019-01-08,RUB,UYU,sell,0.486708
2019-01-08,SEK,UYU,buy,3.643167
2019-01-08,SEK,UYU,sell,3.643167
2019-01-08,TRY,UYU,buy,5.915416
2019-01-08,TRY,UYU,sell,5.915416
2019-01-08,USD,UYU,buy,32.536
2019-01-08,USD,UYU,sell,32.536
2019-01-08,VES,UYU,buy,0.046214
2019-01-08,VES,UYU,sell,0.046214
2019-01-08,XDR,UYU,buy,45.316945
2019-01-08,XDR,UYU,sell,45.316945
2019-01-08,ZAR,UYU,buy,2.333424
2019-01-08,ZAR,UYU,sell,2.333424
2019-01-09,ARS,UYU,buy,0.872069
2019-01-09,ARS,UYU,sell,0.872069
2019-01-09,AUD,UYU,buy,23.409256
2019-01-09,AUD,UYU,sell,23.409256
2019-01-09,BRL,UYU,buy,8.852753
2019-01-09,BRL,UYU,sell,8.852753
2019-01-09,CAD,UYU,buy,24.668206
2019-01-09,CAD,UYU,sell,24.668206
2019-01-09,CHF,UYU,buy,33.413321
2019-01-09,CHF,UYU,sell,33.413321
2019-01-09,CLP,UYU,buy,0.04813
2019-01-09,CLP,UYU,sell,0.04813
2019-01-09,CNY,UYU,buy,4.780369
2019-01-09,CNY,UYU,sell,4.780369
2019-01-09,COP,UYU,buy,0.010394
2019-01-09,COP,UYU,sell,0.010394
2019-01-09,DKK,UYU,buy,5.03718
2019-01-09,DKK,UYU,sell,5.03718
2019-01-09,EUR,UYU,buy,37.608927
2019-01-09,EUR,UYU,sell,37.608927
2019-01-09,GBP,UYU,buy,41.670399
2019-01-09,GBP,UYU,sell,41.670399
2019-01-09,HKD,UYU,buy,4.157321
2019-01-09,HKD,UYU,sell,4.157321
2019-01-09,HUF,UYU,buy,0.116996
2019-01-09,HUF,UYU,sell,0.116996
2019-01-09,INR,UYU,buy,0.462351
2019-01-09,INR,UYU,sell,0.462351
2019-01-09,ISK,UYU,buy,0.274313
2019-01-09,ISK,UYU,sell,0.274313
2019-01-09,JPY,UYU,buy,0.301011
2019-01-09,JPY,UYU,sell,0.301011
2019-01-09,KRW,UYU,buy,0.029033
2019-01-09,KRW,UYU,sell,0.029033
2019-01-09,MXN,UYU,buy,1.694406
2019-01-09,MXN,UYU,sell,1.694406
2019-01-09,MYR,UYU,buy,7.919548
2019-01-09,MYR,UYU,sell,7.919548
2019-01-09,NOK,UYU,buy,3.851236
2019-01-09,NOK,UYU,sell,3.851236
2019-01-09,NZD,UYU,buy,22.161327
2019-01-09,NZD,UYU,sell,22.161327
2019-01-09,PEN,UYU,buy,9.758603
2019-01-09,PEN,UYU,sell,9.758603
2019-01-09,PYG,UYU,buy,0.00543
2019-01-09,PYG,UYU,sell,0.00543
2019-01-09,RUB,UYU,buy,0.488134
2019-01-09,RUB,UYU,sell,0.488134
2019-01-09,SEK,UYU,buy,3.674906
2019-01-09,SEK,UYU,sell,3.674906
2019-01-09,TRY,UYU,buy,5.950037
2019-01-09,TRY,UYU,sell,5.950037
2019-01-09,USD,UYU,buy,32.599
2019-01-09,USD,UYU,sell,32.599
2019-01-09,VES,UYU,buy,0.046303
2019-01-09,VES,UYU,sell,0.046303
2019-01-09,XDR,UYU,buy,45.3904
2019-01-09,XDR,UYU,sell,45.3904
2019-01-09,ZAR,UYU,buy,2.350934
2019-01-09,ZAR,UYU,sell,2.350934
2019-01-10,ARS,UYU,buy,0.882728
2019-01-10,ARS,UYU,sell,0.882728
2019-01-10,AUD,UYU,buy,23.514385
2019-01-10,AUD,UYU,sell,23.514385
2019-01-10,BRL,UYU,buy,8.829891
2019-01-10,BRL,UYU,sell,8.829891
2019-01-10,CAD,UYU,buy,24.735033
2019-01-10,CAD,UYU,sell,24.735033
2019-01-10,CHF,UYU,buy,33.287246
2019-01-10,CHF,UYU,sell,33.287246
2019-01-10,CLP,UYU,buy,0.048456
2019-01-10,CLP,UYU,sell,0.048456
2019-01-10,CNY,UYU,buy,4.823304
2019-01-10,CNY,UYU,sell,4.823304
2019-01-10,COP,UYU,buy,0.01044
2019-01-10,COP,UYU,sell,0.01044
2019-01-10,DKK,UYU,buy,5.044058
2019-01-10,DKK,UYU,sell,5.044058
2019-01-10,EUR,UYU,buy,37.652812
2019-01-10,EUR,UYU,sell,37.652812
2019-01-10,GBP,UYU,buy,41.748962
2019-01-10,GBP,UYU,sell,41.748962
2019-01-10,HKD,UYU,buy,4.177176
2019-01-10,HKD,UYU,sell,4.177176
2019-01-10,HUF,UYU,buy,0.11715
2019-01-10,HUF,UYU,sell,0.11715
2019-01-10,INR,UYU,buy,0.465042
2019-01-10,INR,UYU,sell,0.465042
2019-01-10,ISK,UYU,buy,0.273473
2019-01-10,ISK,UYU,sell,0.273473
2019-01-10,JPY,UYU,buy,0.30214
2019-01-10,JPY,UYU,sell,0.30214
2019-01-10,KRW,UYU,buy,0.029271
2019-01-10,KRW,UYU,sell,0.029271
2019-01-10,MXN,UYU,buy,1.709237
2019-01-10,MXN,UYU,sell,1.709237
2019-01-10,MYR,UYU,buy,7.988046
2019-01-10,MYR,UYU,sell,7.988046
2019-01-10,NOK,UYU,buy,3.859269
2019-01-10,NOK,UYU,sell,3.859269
2019-01-10,NZD,UYU,buy,22.206303
2019-01-10,NZD,UYU,sell,22.206303
2019-01-10,PEN,UYU,buy,9.79728
2019-01-10,PEN,UYU,sell,9.79728
2019-01-10,PYG,UYU,buy,0.005439
2019-01-10,PYG,UYU,sell,0.005439
2019-01-10,RUB,UYU,buy,0.488681
2019-01-10,RUB,UYU,sell,0.488681
2019-01-10,SEK,UYU,buy,3.676861
2019-01-10,SEK,UYU,sell,3.676861
2019-01-10,TRY,UYU,buy,6.029518
2019-01-10,TRY,UYU,sell,6.029518
2019-01-10,USD,UYU,buy,32.759
2019-01-10,USD,UYU,sell,32.759
2019-01-10,VES,UYU,buy,0.041214
2019-01-10,VES,UYU,sell,0.041214
2019-01-10,XDR,UYU,buy,45.767183
2019-01-10,XDR,UYU,sell,45.767183
2019-01-10,ZAR,UYU,buy,2.360902
2019-01-10,ZAR,UYU,sell,2.360902
2019-01-11,ARS,UYU,buy,0.888101
2019-01-11,ARS,UYU,sell,0.888101
2019-01-11,AUD,UYU,buy,23.617467
2019-01-11,AUD,UYU,sell,23.617467
2019-01-11,BRL,UYU,buy,8.825612
2019-01-11,BRL,UYU,sell,8.825612
2019-01-11,CAD,UYU,buy,24.705661
2019-01-11,CAD,UYU,sell,24.705661
2019-01-11,CHF,UYU,buy,33.311652
2019-01-11,CHF,UYU,sell,33.311652
2019-01-11,CLP,UYU,buy,0.048589
2019-01-11,CLP,UYU,sell,0.048589
2019-01-11,CNY,UYU,buy,4.846517
2019-01-11,CNY,UYU,sell,4.846517
2019-01-11,COP,UYU,buy,0.010445
2019-01-11,COP,UYU,sell,0.010445
2019-01-11,DKK,UYU,buy,5.036881
2019-01-11,DKK,UYU,sell,5.036881
2019-01-11,EUR,UYU,buy,37.598496
2019-01-11,EUR,UYU,sell,37.598496
2019-01-11,GBP,UYU,buy,42.123362
2019-01-11,GBP,UYU,sell,42.123362
2019-01-11,HKD,UYU,buy,4.1809
2019-01-11,HKD,UYU,sell,4.1809
2019-01-11,HUF,UYU,buy,0.117069
2019-01-11,HUF,UYU,sell,0.117069
2019-01-11,INR,UYU,buy,0.464955
2019-01-11,INR,UYU,sell,0.464955
2019-01-11,ISK,UYU,buy,0.271906
2019-01-11,ISK,UYU,sell,0.271906
2019-01-11,JPY,UYU,buy,0.302161
2019-01-11,JPY,UYU,sell,0.302161
2019-01-11,KRW,UYU,buy,0.02936
2019-01-11,KRW,UYU,sell,0.02936
2019-01-11,MXN,UYU,buy,1.712321
2019-01-11,MXN,UYU,sell,1.712321
2019-01-11,MYR,UYU,buy,8.004151
2019-01-11,MYR,UYU,sell,8.004151
2019-01-11,NOK,UYU,buy,3.843795
2019-01-11,NOK,UYU,sell,3.843795
2019-01-11,NZD,UYU,buy,22.391608
2019-01-11,NZD,UYU,sell,22.391608
2019-01-11,PEN,UYU,buy,9.791486
2019-01-11,PEN,UYU,sell,9.791486
2019-01-11,PYG,UYU,buy,0.005445
2019-01-11,PYG,UYU,sell,0.005445
2019-01-11,RUB,UYU,buy,0.490141
2019-01-11,RUB,UYU,sell,0.490141
2019-01-11,SEK,UYU,buy,3.671814
2019-01-11,SEK,UYU,sell,3.671814
2019-01-11,TRY,UYU,buy,5.992631
2019-01-11,TRY,UYU,sell,5.992631
2019-01-11,USD,UYU,buy,32.793
2019-01-11,USD,UYU,sell,32.793
2019-01-11,VES,UYU,buy,0.041257
2019-01-11,VES,UYU,sell,0.041257
2019-01-11,XDR,UYU,buy,45.866167
2019-01-11,XDR,UYU,sell,45.866167
2019-01-11,ZAR,UYU,buy,2.369248
2019-01-11,ZAR,UYU,sell,2.369248
2019-01-14,ARS,UYU,buy,0.882933
2019-01-14,ARS,UYU,sell,0.882933
2019-01-14,AUD,UYU,buy,23.517939
2019-01-14,AUD,UYU,sell,23.517939
2019-01-14,BRL,UYU,buy,8.827767
2019-01-14,BRL,UYU,sell,8.827767
2019-01-14,CAD,UYU,buy,24.616138
2019-01-14,CAD,UYU,sell,24.616138
2019-01-14,CHF,UYU,buy,33.274237
2019-01-14,CHF,UYU,sell,33.274237
2019-01-14,CLP,UYU,buy,0.048514
2019-01-14,CLP,UYU,sell,0.048514
2019-01-14,CNY,UYU,buy,4.825135
2019-01-14,CNY,UYU,sell,4.825135
2019-01-14,COP,UYU,buy,0.010398
2019-01-14,COP,UYU,sell,0.010398
2019-01-14,DKK,UYU,buy,5.01871
2019-01-14,DKK,UYU,sell,5.01871
2019-01-14,EUR,UYU,buy,37.459211
2019-01-14,EUR,UYU,sell,37.459211
2019-01-14,GBP,UYU,buy,42.018129
2019-01-14,GBP,UYU,sell,42.018129
2019-01-14,HKD,UYU,buy,4.164132
2019-01-14,HKD,UYU,sell,4.164132
2019-01-14,HUF,UYU,buy,0.116469
2019-01-14,HUF,UYU,sell,0.116469
2019-01-14,INR,UYU,buy,0.460412
2019-01-14,INR,UYU,sell,0.460412
2019-01-14,ISK,UYU,buy,0.270451
2019-01-14,ISK,UYU,sell,0.270451
2019-01-14,JPY,UYU,buy,0.301848
2019-01-14,JPY,UYU,sell,0.301848
2019-01-14,KRW,UYU,buy,0.029072
2019-01-14,KRW,UYU,sell,0.029072
2019-01-14,MXN,UYU,buy,1.719921
2019-01-14,MXN,UYU,sell,1.719921
2019-01-14,MYR,UYU,buy,7.96318
2019-01-14,MYR,UYU,sell,7.96318
2019-01-14,NOK,UYU,buy,3.825348
2019-01-14,NOK,UYU,sell,3.825348
2019-01-14,NZD,UYU,buy,22.293301
2019-01-14,NZD,UYU,sell,22.293301
2019-01-14,PEN,UYU,buy,9.766141
2019-01-14,PEN,UYU,sell,9.766141
2019-01-14,PYG,UYU,buy,0.005421
2019-01-14,PYG,UYU,sell,0.005421
2019-01-14,RUB,UYU,buy,0.487224
2019-01-14,RUB,UYU,sell,0.487224
2019-01-14,SEK,UYU,buy,3.650152
2019-01-14,SEK,UYU,sell,3.650152
2019-01-14,TRY,UYU,buy,6.002242
2019-01-14,TRY,UYU,sell,6.002242
2019-01-14,USD,UYU,buy,32.673
2019-01-14,USD,UYU,sell,32.673
2019-01-14,VES,UYU,buy,0.037918
2019-01-14,VES,UYU,sell,0.037918
2019-01-14,XDR,UYU,buy,45.623462
2019-01-14,XDR,UYU,sell,45.623462
2019-01-14,ZAR,UYU,buy,2.372544
2019-01-14,ZAR,UYU,sell,2.372544
2019-01-15,ARS,UYU,buy,0.879667
2019-01-15,ARS,UYU,sell,0.879667
2019-01-15,AUD,UYU,buy,23.459352
2019-01-15,AUD,UYU,sell,23.459352
2019-01-15,BRL,UYU,buy,8.762209
2019-01-15,BRL,UYU,sell,8.762209
2019-01-15,CAD,UYU,buy,24.577579
2019-01-15,CAD,UYU,sell,24.577579
2019-01-15,CHF,UYU,buy,33.01987
2019-01-15,CHF,UYU,sell,33.01987
2019-01-15,CLP,UYU,buy,0.048397
2019-01-15,CLP,UYU,sell,0.048397
2019-01-15,CNY,UYU,buy,4.829906
2019-01-15,CNY,UYU,sell,4.829906
2019-01-15,COP,UYU,buy,0.010392
2019-01-15,COP,UYU,sell,0.010392
2019-01-15,DKK,UYU,buy,4.981921
2019-01-15,DKK,UYU,sell,4.981921
2019-01-15,EUR,UYU,buy,37.185881
2019-01-15,EUR,UYU,sell,37.185881
2019-01-15,GBP,UYU,buy,41.488178
2019-01-15,GBP,UYU,sell,41.488178
2019-01-15,HKD,UYU,buy,4.163692
2019-01-15,HKD,UYU,sell,4.163692
2019-01-15,HUF,UYU,buy,0.115022
2019-01-15,HUF,UYU,sell,0.115022
2019-01-15,INR,UYU,buy,0.459776
2019-01-15,INR,UYU,sell,0.459776
2019-01-15,ISK,UYU,buy,0.268555
2019-01-15,ISK,UYU,sell,0.268555
2019-01-15,JPY,UYU,buy,0.300759
2019-01-15,JPY,UYU,sell,0.300759
2019-01-15,KRW,UYU,buy,0.029135
2019-01-15,KRW,UYU,sell,0.029135
2019-01-15,MXN,UYU,buy,1.716588
2019-01-15,MXN,UYU,sell,1.716588
2019-01-15,MYR,UYU,buy,7.952511
2019-01-15,MYR,UYU,sell,7.952511
2019-01-15,NOK,UYU,buy,3.812365
2019-01-15,NOK,UYU,sell,3.812365
2019-01-15,NZD,UYU,buy,22.216829
2019-01-15,NZD,UYU,sell,22.216829
2019-01-15,PEN,UYU,buy,9.794541
2019-01-15,PEN,UYU,sell,9.794541
2019-01-15,PYG,UYU,buy,0.005407
2019-01-15,PYG,UYU,sell,0.005407
2019-01-15,RUB,UYU,buy,0.487544
2019-01-15,RUB,UYU,sell,0.487544
2019-01-15,SEK,UYU,buy,3.631137
2019-01-15,SEK,UYU,sell,3.631137
2019-01-15,TRY,UYU,buy,5.992017
2019-01-15,TRY,UYU,sell,5.992017
2019-01-15,USD,UYU,buy,32.671
2019-01-15,USD,UYU,sell,32.671
2019-01-15,VES,UYU,buy,0.034436
2019-01-15,VES,UYU,sell,0.034436
2019-01-15,XDR,UYU,buy,45.564175
2019-01-15,XDR,UYU,sell,45.564175
2019-01-15,ZAR,UYU,buy,2.364985
2019-01-15,ZAR,UYU,sell,2.364985
2019-01-16,ARS,UYU,buy,0.871413
2019-01-16,ARS,UYU,sell,0.871413
2019-01-16,AUD,UYU,buy,23.452357
2019-01-16,AUD,UYU,sell,23.452357
2019-01-16,BRL,UYU,buy,8.753014
2019-01-16,BRL,UYU,sell,8.753014
2019-01-16,CAD,UYU,buy,24.654164
2019-01-16,CAD,UYU,sell,24.654164
2019-01-16,CHF,UYU,buy,33.00965
2019-01-16,CHF,UYU,sell,33.00965
2019-01-16,CLP,UYU,buy,0.048675
2019-01-16,CLP,UYU,sell,0.048675
2019-01-16,CNY,UYU,buy,4.834833
2019-01-16,CNY,UYU,sell,4.834833
2019-01-16,COP,UYU,buy,0.010478
2019-01-16,COP,UYU,sell,0.010478
2019-01-16,DKK,UYU,buy,4.991787
2019-01-16,DKK,UYU,sell,4.991787
2019-01-16,EUR,UYU,buy,37.26112
2019-01-16,EUR,UYU,sell,37.26112
2019-01-16,GBP,UYU,buy,42.014315
2019-01-16,GBP,UYU,sell,42.014315
2019-01-16,HKD,UYU,buy,4.165163
2019-01-16,HKD,UYU,sell,4.165163
2019-01-16,HUF,UYU,buy,0.115928
2019-01-16,HUF,UYU,sell,0.115928
2019-01-16,INR,UYU,buy,0.458587
2019-01-16,INR,UYU,sell,0.458587
2019-01-16,ISK,UYU,buy,0.269016
2019-01-16,ISK,UYU,sell,0.269016
2019-01-16,JPY,UYU,buy,0.30005
2019-01-16,JPY,UYU,sell,0.30005
2019-01-16,KRW,UYU,buy,0.029164
2019-01-16,KRW,UYU,sell,0.029164
2019-01-16,MXN,UYU,buy,1.724087
2019-01-16,MXN,UYU,sell,1.724087
2019-01-16,MYR,UYU,buy,7.950353
2019-01-16,MYR,UYU,sell,7.950353
2019-01-16,NOK,UYU,buy,3.825651
2019-01-16,NOK,UYU,sell,3.825651
2019-01-16,NZD,UYU,buy,22.170138
2019-01-16,NZD,UYU,sell,22.170138
2019-01-16,PEN,UYU,buy,9.80594
2019-01-16,PEN,UYU,sell,9.80594
2019-01-16,PYG,UYU,buy,0.005401
2019-01-16,PYG,UYU,sell,0.005401
2019-01-16,RUB,UYU,buy,0.492783
2019-01-16,RUB,UYU,sell,0.492783
2019-01-16,SEK,UYU,buy,3.631654
2019-01-16,SEK,UYU,sell,3.631654
2019-01-16,TRY,UYU,buy,6.112051
2019-01-16,TRY,UYU,sell,6.112051
2019-01-16,USD,UYU,buy,32.684
2019-01-16,USD,UYU,sell,32.684
2019-01-16,VES,UYU,buy,0.03445
2019-01-16,VES,UYU,sell,0.03445
2019-01-16,XDR,UYU,buy,45.49411
2019-01-16,XDR,UYU,sell,45.49411
2019-01-16,ZAR,UYU,buy,2.388614
2019-01-16,ZAR,UYU,sell,2.388614
2019-01-17,ARS,UYU,buy,0.866195
2019-01-17,ARS,UYU,sell,0.866195
2019-01-17,AUD,UYU,buy,23.425064
2019-01-17,AUD,UYU,sell,23.425064
2019-01-17,BRL,UYU,buy,8.715902
2019-01-17,BRL,UYU,sell,8.715902
2019-01-17,CAD,UYU,buy,24.555401
2019-01-17,CAD,UYU,sell,24.555401
2019-01-17,CHF,UYU,buy,32.85046
2019-01-17,CHF,UYU,sell,32.85046
2019-01-17,CLP,UYU,buy,0.048657
2019-01-17,CLP,UYU,sell,0.048657
2019-01-17,CNY,UYU,buy,4.81893
2019-01-17,CNY,UYU,sell,4.81893
2019-01-17,COP,UYU,buy,0.010422
2019-01-17,COP,UYU,sell,0.010422
2019-01-17,DKK,UYU,buy,4.978352
2019-01-17,DKK,UYU,sell,4.978352
2019-01-17,EUR,UYU,buy,37.163022
2019-01-17,EUR,UYU,sell,37.163022
2019-01-17,GBP,UYU,buy,42.371495
2019-01-17,GBP,UYU,sell,42.371495
2019-01-17,HKD,UYU,buy,4.163506
2019-01-17,HKD,UYU,sell,4.163506
2019-01-17,HUF,UYU,buy,0.116247
2019-01-17,HUF,UYU,sell,0.116247
2019-01-17,INR,UYU,buy,0.459679
2019-01-17,INR,UYU,sell,0.459679
2019-01-17,ISK,UYU,buy,0.269719
2019-01-17,ISK,UYU,sell,0.269719
2019-01-17,JPY,UYU,buy,0.299463
2019-01-17,JPY,UYU,sell,0.299463
2019-01-17,KRW,UYU,buy,0.029092
2019-01-17,KRW,UYU,sell,0.029092
2019-01-17,MXN,UYU,buy,1.715858
2019-01-17,MXN,UYU,sell,1.715858
2019-01-17,MYR,UYU,buy,7.938495
2019-01-17,MYR,UYU,sell,7.938495
2019-01-17,NOK,UYU,buy,3.814391
2019-01-17,NOK,UYU,sell,3.814391
2019-01-17,NZD,UYU,buy,22.030696
2019-01-17,NZD,UYU,sell,22.030696
2019-01-17,PEN,UYU,buy,9.819576
2019-01-17,PEN,UYU,sell,9.819576
2019-01-17,PYG,UYU,buy,0.005386
2019-01-17,PYG,UYU,sell,0.005386
2019-01-17,RUB,UYU,buy,0.492007
2019-01-17,RUB,UYU,sell,0.492007
2019-01-17,SEK,UYU,buy,3.61722
2019-01-17,SEK,UYU,sell,3.61722
2019-01-17,TRY,UYU,buy,6.104023
2019-01-17,TRY,UYU,sell,6.104023
2019-01-17,USD,UYU,buy,32.671
2019-01-17,USD,UYU,sell,32.671
2019-01-17,VES,UYU,buy,0.032639
2019-01-17,VES,UYU,sell,0.032639
2019-01-17,XDR,UYU,buy,45.508988
2019-01-17,XDR,UYU,sell,45.508988
2019-01-17,ZAR,UYU,buy,2.374495
2019-01-17,ZAR,UYU,sell,2.374495
2019-01-18,ARS,UYU,buy,0.867873
2019-01-18,ARS,UYU,sell,0.867873
2019-01-18,AUD,UYU,buy,23.391544
2019-01-18,AUD,UYU,sell,23.391544
2019-01-18,BRL,UYU,buy,8.684512
2019-01-18,BRL,UYU,sell,8.684512
2019-01-18,CAD,UYU,buy,24.590671
2019-01-18,CAD,UYU,sell,24.590671
2019-01-18,CHF,UYU,buy,32.755035
2019-01-18,CHF,UYU,sell,32.755035
2019-01-18,CLP,UYU,buy,0.0487
2019-01-18,CLP,UYU,sell,0.0487
2019-01-18,CNY,UYU,buy,4.81106
2019-01-18,CNY,UYU,sell,4.81106
2019-01-18,COP,UYU,buy,0.010435
2019-01-18,COP,UYU,sell,0.010435
2019-01-18,DKK,UYU,buy,4.963881
2019-01-18,DKK,UYU,sell,4.963881
2019-01-18,EUR,UYU,buy,37.055088
2019-01-18,EUR,UYU,sell,37.055088
2019-01-18,GBP,UYU,buy,41.983486
2019-01-18,GBP,UYU,sell,41.983486
2019-01-18,HKD,UYU,buy,4.157046
2019-01-18,HKD,UYU,sell,4.157046
2019-01-18,HUF,UYU,buy,0.116652
2019-01-18,HUF,UYU,sell,0.116652
2019-01-18,INR,UYU,buy,0.45803
2019-01-18,INR,UYU,sell,0.45803
2019-01-18,ISK,UYU,buy,0.268882
2019-01-18,ISK,UYU,sell,0.268882
2019-01-18,JPY,UYU,buy,0.297039
2019-01-18,JPY,UYU,sell,0.297039
2019-01-18,KRW,UYU,buy,0.029065
2019-01-18,KRW,UYU,sell,0.029065
2019-01-18,MXN,UYU,buy,1.707863
2019-01-18,MXN,UYU,sell,1.707863
2019-01-18,MYR,UYU,buy,7.928511
2019-01-18,MYR,UYU,sell,7.928511
2019-01-18,NOK,UYU,buy,3.80949
2019-01-18,NOK,UYU,sell,3.80949
2019-01-18,NZD,UYU,buy,22.01068
2019-01-18,NZD,UYU,sell,22.01068
2019-01-18,PEN,UYU,buy,9.821676
2019-01-18,PEN,UYU,sell,9.821676
2019-01-18,PYG,UYU,buy,0.005363
2019-01-18,PYG,UYU,sell,0.005363
2019-01-18,RUB,UYU,buy,0.492157
2019-01-18,RUB,UYU,sell,0.492157
2019-01-18,SEK,UYU,buy,3.613294
2019-01-18,SEK,UYU,sell,3.613294
2019-01-18,TRY,UYU,buy,6.119113
2019-01-18,TRY,UYU,sell,6.119113
2019-01-18,USD,UYU,buy,32.622
2019-01-18,USD,UYU,sell,32.622
2019-01-18,VES,UYU,buy,0.03259
2019-01-18,VES,UYU,sell,0.03259
2019-01-18,XDR,UYU,buy,45.426679
2019-01-18,XDR,UYU,sell,45.426679
2019-01-18,ZAR,UYU,buy,2.357347
2019-01-18,ZAR,UYU,sell,2.357347
2019-01-21,ARS,UYU,buy,0.864563
2019-01-21,ARS,UYU,sell,0.864563
2019-01-21,AUD,UYU,buy,23.341721
2019-01-21,AUD,UYU,sell,23.341721
2019-01-21,BRL,UYU,buy,8.675189
2019-01-21,BRL,UYU,sell,8.675189
2019-01-21,CAD,UYU,buy,24.527606
2019-01-21,CAD,UYU,sell,24.527606
2019-01-21,CHF,UYU,buy,32.687083
2019-01-21,CHF,UYU,sell,32.687083
2019-01-21,CLP,UYU,buy,0.048489
2019-01-21,CLP,UYU,sell,0.048489
2019-01-21,CNY,UYU,buy,4.796557
2019-01-21,CNY,UYU,sell,4.796557
2019-01-21,COP,UYU,buy,0.010435
2019-01-21,COP,UYU,sell,0.010435
2019-01-21,DKK,UYU,buy,4.964563
2019-01-21,DKK,UYU,sell,4.964563
2019-01-21,EUR,UYU,buy,37.066007
2019-01-21,EUR,UYU,sell,37.066007
2019-01-21,GBP,UYU,buy,42.027162
2019-01-21,GBP,UYU,sell,42.027162
2019-01-21,HKD,UYU,buy,4.156167
2019-01-21,HKD,UYU,sell,4.156167
2019-01-21,HUF,UYU,buy,0.116718
2019-01-21,HUF,UYU,sell,0.116718
2019-01-21,INR,UYU,buy,0.457474
2019-01-21,INR,UYU,sell,0.457474
2019-01-21,ISK,UYU,buy,0.26899
2019-01-21,ISK,UYU,sell,0.26899
2019-01-21,JPY,UYU,buy,0.297387
2019-01-21,JPY,UYU,sell,0.297387
2019-01-21,KRW,UYU,buy,0.028905
2019-01-21,KRW,UYU,sell,0.028905
2019-01-21,MXN,UYU,buy,1.701077
2019-01-21,MXN,UYU,sell,1.701077
2019-01-21,MYR,UYU,buy,7.928754
2019-01-21,MYR,UYU,sell,7.928754
2019-01-21,NOK,UYU,buy,3.80805
2019-01-21,NOK,UYU,sell,3.80805
2019-01-21,NZD,UYU,buy,21.942881
2019-01-21,NZD,UYU,sell,21.942881
2019-01-21,PEN,UYU,buy,9.799984
2019-01-21,PEN,UYU,sell,9.799984
2019-01-21,PYG,UYU,buy,0.005372
2019-01-21,PYG,UYU,sell,0.005372
2019-01-21,RUB,UYU,buy,0.4913
2019-01-21,RUB,UYU,sell,0.4913
2019-01-21,SEK,UYU,buy,3.61641
2019-01-21,SEK,UYU,sell,3.61641
2019-01-21,TRY,UYU,buy,6.127753
2019-01-21,TRY,UYU,sell,6.127753
2019-01-21,USD,UYU,buy,32.623
2019-01-21,USD,UYU,sell,32.623
2019-01-21,VES,UYU,buy,0.02906
2019-01-21,VES,UYU,sell,0.02906
2019-01-21,XDR,UYU,buy,45.365793
2019-01-21,XDR,UYU,sell,45.365793
2019-01-21,ZAR,UYU,buy,2.358715
2019-01-21,ZAR,UYU,sell,2.358715
2019-01-22,ARS,UYU,buy,0.868739
2019-01-22,ARS,UYU,sell,0.868739
2019-01-22,AUD,UYU,buy,23.241457
2019-01-22,AUD,UYU,sell,23.241457
2019-01-22,BRL,UYU,buy,8.568199
2019-01-22,BRL,UYU,sell,8.568199
2019-01-22,CAD,UYU,buy,24.43978
2019-01-22,CAD,UYU,sell,24.43978
2019-01-22,CHF,UYU,buy,32.711856
2019-01-22,CHF,UYU,sell,32.711856
2019-01-22,CLP,UYU,buy,0.048513
2019-01-22,CLP,UYU,sell,0.048513
2019-01-22,CNY,UYU,buy,4.788337
2019-01-22,CNY,UYU,sell,4.788337
2019-01-22,COP,UYU,buy,0.010365
2019-01-22,COP,UYU,sell,0.010365
2019-01-22,DKK,UYU,buy,4.963269
2019-01-22,DKK,UYU,sell,4.963269
2019-01-22,EUR,UYU,buy,37.058543
2019-01-22,EUR,UYU,sell,37.058543
2019-01-22,GBP,UYU,buy,42.293943
2019-01-22,GBP,UYU,sell,42.293943
2019-01-22,HKD,UYU,buy,4.155147
2019-01-22,HKD,UYU,sell,4.155147
2019-01-22,HUF,UYU,buy,0.116449
2019-01-22,HUF,UYU,sell,0.116449
2019-01-22,INR,UYU,buy,0.456313
2019-01-22,INR,UYU,sell,0.456313
2019-01-22,ISK,UYU,buy,0.27006
2019-01-22,ISK,UYU,sell,0.27006
2019-01-22,JPY,UYU,buy,0.298429
2019-01-22,JPY,UYU,sell,0.298429
2019-01-22,KRW,UYU,buy,0.028826
2019-01-22,KRW,UYU,sell,0.028826
2019-01-22,MXN,UYU,buy,1.700278
2019-01-22,MXN,UYU,sell,1.700278
2019-01-22,MYR,UYU,buy,7.8894
2019-01-22,MYR,UYU,sell,7.8894
2019-01-22,NOK,UYU,buy,3.792301
2019-01-22,NOK,UYU,sell,3.792301
2019-01-22,NZD,UYU,buy,21.930977
2019-01-22,NZD,UYU,sell,21.930977
2019-01-22,PEN,UYU,buy,9.776278
2019-01-22,PEN,UYU,sell,9.776278
2019-01-22,PYG,UYU,buy,0.00538
2019-01-22,PYG,UYU,sell,0.00538
2019-01-22,RUB,UYU,buy,0.490105
2019-01-22,RUB,UYU,sell,0.490105
2019-01-22,SEK,UYU,buy,3.6139
2019-01-22,SEK,UYU,sell,3.6139
2019-01-22,TRY,UYU,buy,6.099655
2019-01-22,TRY,UYU,sell,6.099655
2019-01-22,USD,UYU,buy,32.615
2019-01-22,USD,UYU,sell,32.615
2019-01-22,VES,UYU,buy,0.024636
2019-01-22,VES,UYU,sell,0.024636
2019-01-22,XDR,UYU,buy,45.333147
2019-01-22,XDR,UYU,sell,45.333147
2019-01-22,ZAR,UYU,buy,2.33467
2019-01-22,ZAR,UYU,sell,2.33467
2019-01-23,ARS,UYU,buy,0.867956
2019-01-23,ARS,UYU,sell,0.867956
2019-01-23,AUD,UYU,buy,23.280576
2019-01-23,AUD,UYU,sell,23.280576
2019-01-23,BRL,UYU,buy,8.663841
2019-01-23,BRL,UYU,sell,8.663841
2019-01-23,CAD,UYU,buy,24.42696
2019-01-23,CAD,UYU,sell,24.42696
2019-01-23,CHF,UYU,buy,32.780934
2019-01-23,CHF,UYU,sell,32.780934
2019-01-23,CLP,UYU,buy,0.048459
2019-01-23,CLP,UYU,sell,0.048459
2019-01-23,CNY,UYU,buy,4.799617
2019-01-23,CNY,UYU,sell,4.799617
2019-01-23,COP,UYU,buy,0.010347
2019-01-23,COP,UYU,sell,0.010347
2019-01-23,DKK,UYU,buy,4.971103
2019-01-23,DKK,UYU,sell,4.971103
2019-01-23,EUR,UYU,buy,37.117221
2019-01-23,EUR,UYU,sell,37.117221
2019-01-23,GBP,UYU,buy,42.605263
2019-01-23,GBP,UYU,sell,42.605263
2019-01-23,HKD,UYU,buy,4.155041
2019-01-23,HKD,UYU,sell,4.155041
2019-01-23,HUF,UYU,buy,0.116704
2019-01-23,HUF,UYU,sell,0.116704
2019-01-23,INR,UYU,buy,0.457025
2019-01-23,INR,UYU,sell,0.457025
2019-01-23,ISK,UYU,buy,0.270913
2019-01-23,ISK,UYU,sell,0.270913
2019-01-23,JPY,UYU,buy,0.297395
2019-01-23,JPY,UYU,sell,0.297395
2019-01-23,KRW,UYU,buy,0.028915
2019-01-23,KRW,UYU,sell,0.028915
2019-01-23,MXN,UYU,buy,1.713118
2019-01-23,MXN,UYU,sell,1.713118
2019-01-23,MYR,UYU,buy,7.87796
2019-01-23,MYR,UYU,sell,7.87796
2019-01-23,NOK,UYU,buy,3.804672
2019-01-23,NOK,UYU,sell,3.804672
2019-01-23,NZD,UYU,buy,22.139611
2019-01-23,NZD,UYU,sell,22.139611
2019-01-23,PEN,UYU,buy,9.760179
2019-01-23,PEN,UYU,sell,9.760179
2019-01-23,PYG,UYU,buy,0.005379
2019-01-23,PYG,UYU,sell,0.005379
2019-01-23,RUB,UYU,buy,0.492964
2019-01-23,RUB,UYU,sell,0.492964
2019-01-23,SEK,UYU,buy,3.618894
2019-01-23,SEK,UYU,sell,3.618894
2019-01-23,TRY,UYU,buy,6.170955
2019-01-23,TRY,UYU,sell,6.170955
2019-01-23,USD,UYU,buy,32.615
2019-01-23,USD,UYU,sell,32.615
2019-01-23,VES,UYU,buy,0.024636
2019-01-23,VES,UYU,sell,0.024636
2019-01-23,XDR,UYU,buy,45.385306
2019-01-23,XDR,UYU,sell,45.385306
2019-01-23,ZAR,UYU,buy,2.357054
2019-01-23,ZAR,UYU,sell,2.357054
2019-01-24,ARS,UYU,buy,0.871493
2019-01-24,ARS,UYU,sell,0.871493
2019-01-24,AUD,UYU,buy,23.087605
2019-01-24,AUD,UYU,sell,23.087605
2019-01-24,BRL,UYU,buy,8.63431
2019-01-24,BRL,UYU,sell,8.63431
2019-01-24,CAD,UYU,buy,24.399596
2019-01-24,CAD,UYU,sell,24.399596
2019-01-24,CHF,UYU,buy,32.684958
2019-01-24,CHF,UYU,sell,32.684958
2019-01-24,CLP,UYU,buy,0.048568
2019-01-24,CLP,UYU,sell,0.048568
2019-01-24,CNY,UYU,buy,4.799587
2019-01-24,CNY,UYU,sell,4.799587
2019-01-24,COP,UYU,buy,0.010273
2019-01-24,COP,UYU,sell,0.010273
2019-01-24,DKK,UYU,buy,4.932071
2019-01-24,DKK,UYU,sell,4.932071
2019-01-24,EUR,UYU,buy,36.820918
2019-01-24,EUR,UYU,sell,36.820918
2019-01-24,GBP,UYU,buy,42.472266
2019-01-24,GBP,UYU,sell,42.472266
2019-01-24,HKD,UYU,buy,4.152901
2019-01-24,HKD,UYU,sell,4.152901
2019-01-24,HUF,UYU,buy,0.115483
2019-01-24,HUF,UYU,sell,0.115483
2019-01-24,INR,UYU,buy,0.458393
2019-01-24,INR,UYU,sell,0.458393
2019-01-24,ISK,UYU,buy,0.270625
2019-01-24,ISK,UYU,sell,0.270625
2019-01-24,JPY,UYU,buy,0.297186
2019-01-24,JPY,UYU,sell,0.297186
2019-01-24,KRW,UYU,buy,0.028868
2019-01-24,KRW,UYU,sell,0.028868
2019-01-24,MXN,UYU,buy,1.711145
2019-01-24,MXN,UYU,sell,1.711145
2019-01-24,MYR,UYU,buy,7.860081
2019-01-24,MYR,UYU,sell,7.860081
2019-01-24,NOK,UYU,buy,3.792684
2019-01-24,NOK,UYU,sell,3.792684
2019-01-24,NZD,UYU,buy,22.036836
2019-01-24,NZD,UYU,sell,22.036836
2019-01-24,PEN,UYU,buy,9.73178
2019-01-24,PEN,UYU,sell,9.73178
2019-01-24,PYG,UYU,buy,0.005393
2019-01-24,PYG,UYU,sell,0.005393
2019-01-24,RUB,UYU,buy,0.495177
2019-01-24,RUB,UYU,sell,0.495177
2019-01-24,SEK,UYU,buy,3.583097
2019-01-24,SEK,UYU,sell,3.583097
2019-01-24,TRY,UYU,buy,6.185242
2019-01-24,TRY,UYU,sell,6.185242
2019-01-24,USD,UYU,buy,32.598
2019-01-24,USD,UYU,sell,32.598
2019-01-24,VES,UYU,buy,0.020745
2019-01-24,VES,UYU,sell,0.020745
2019-01-24,XDR,UYU,buy,45.328404
2019-01-24,XDR,UYU,sell,45.328404
2019-01-24,ZAR,UYU,buy,2.370686
2019-01-24,ZAR,UYU,sell,2.370686
2019-01-25,ARS,UYU,buy,0.879462
2019-01-25,ARS,UYU,sell,0.879462
2019-01-25,AUD,UYU,buy,23.388214
2019-01-25,AUD,UYU,sell,23.388214
2019-01-25,BRL,UYU,buy,8.644562
2019-01-25,BRL,UYU,sell,8.644562
2019-01-25,CAD,UYU,buy,24.591586
2019-01-25,CAD,UYU,sell,24.591586
2019-01-25,CHF,UYU,buy,32.818086
2019-01-25,CHF,UYU,sell,32.818086
2019-01-25,CLP,UYU,buy,0.048843
2019-01-25,CLP,UYU,sell,0.048843
2019-01-25,CNY,UYU,buy,4.829364
2019-01-25,CNY,UYU,sell,4.829364
2019-01-25,COP,UYU,buy,0.01034
2019-01-25,COP,UYU,sell,0.01034
2019-01-25,DKK,UYU,buy,4.978917
2019-01-25,DKK,UYU,sell,4.978917
2019-01-25,EUR,UYU,buy,37.173783
2019-01-25,EUR,UYU,sell,37.173783
2019-01-25,GBP,UYU,buy,42.994358
2019-01-25,GBP,UYU,sell,42.994358
2019-01-25,HKD,UYU,buy,4.154106
2019-01-25,HKD,UYU,sell,4.154106
2019-01-25,HUF,UYU,buy,0.11703
2019-01-25,HUF,UYU,sell,0.11703
2019-01-25,INR,UYU,buy,0.457918
2019-01-25,INR,UYU,sell,0.457918
2019-01-25,ISK,UYU,buy,0.272457
2019-01-25,ISK,UYU,sell,0.272457
2019-01-25,JPY,UYU,buy,0.296947
2019-01-25,JPY,UYU,sell,0.296947
2019-01-25,KRW,UYU,buy,0.029066
2019-01-25,KRW,UYU,sell,0.029066
2019-01-25,MXN,UYU,buy,1.717614
2019-01-25,MXN,UYU,sell,1.717614
2019-01-25,MYR,UYU,buy,7.89917
2019-01-25,MYR,UYU,sell,7.89917
2019-01-25,NOK,UYU,buy,3.827813
2019-01-25,NOK,UYU,sell,3.827813
2019-01-25,NZD,UYU,buy,22.299708
2019-01-25,NZD,UYU,sell,22.299708
2019-01-25,PEN,UYU,buy,9.746396
2019-01-25,PEN,UYU,sell,9.746396
2019-01-25,PYG,UYU,buy,0.005388
2019-01-25,PYG,UYU,sell,0.005388
2019-01-25,RUB,UYU,buy,0.493943
2019-01-25,RUB,UYU,sell,0.493943
2019-01-25,SEK,UYU,buy,3.602359
2019-01-25,SEK,UYU,sell,3.602359
2019-01-25,TRY,UYU,buy,6.187759
2019-01-25,TRY,UYU,sell,6.187759
2019-01-25,USD,UYU,buy,32.606
2019-01-25,USD,UYU,sell,32.606
2019-01-25,VES,UYU,buy,0.02075
2019-01-25,VES,UYU,sell,0.02075
2019-01-25,XDR,UYU,buy,45.384508
2019-01-25,XDR,UYU,sell,45.384508
2019-01-25,ZAR,UYU,buy,2.394932
2019-01-25,ZAR,UYU,sell,2.394932
2019-01-28,ARS,UYU,buy,0.87732
2019-01-28,ARS,UYU,sell,0.87732
2019-01-28,AUD,UYU,buy,23.36403
2019-01-28,AUD,UYU,sell,23.36403
2019-01-28,BRL,UYU,buy,8.652546
2019-01-28,BRL,UYU,sell,8.652546
2019-01-28,CAD,UYU,buy,24.583286
2019-01-28,CAD,UYU,sell,24.583286
2019-01-28,CHF,UYU,buy,32.873215
2019-01-28,CHF,UYU,sell,32.873215
2019-01-28,CLP,UYU,buy,0.048448
2019-01-28,CLP,UYU,sell,0.048448
2019-01-28,CNY,UYU,buy,4.829881
2019-01-28,CNY,UYU,sell,4.829881
2019-01-28,COP,UYU,buy,0.01031
2019-01-28,COP,UYU,sell,0.01031
2019-01-28,DKK,UYU,buy,4.991114
2019-01-28,DKK,UYU,sell,4.991114
2019-01-28,EUR,UYU,buy,37.260602
2019-01-28,EUR,UYU,sell,37.260602
2019-01-28,GBP,UYU,buy,42.882109
2019-01-28,GBP,UYU,sell,42.882109
2019-01-28,HKD,UYU,buy,4.152228
2019-01-28,HKD,UYU,sell,4.152228
2019-01-28,HUF,UYU,buy,0.117393
2019-01-28,HUF,UYU,sell,0.117393
2019-01-28,INR,UYU,buy,0.458165
2019-01-28,INR,UYU,sell,0.458165
2019-01-28,ISK,UYU,buy,0.272388
2019-01-28,ISK,UYU,sell,0.272388
2019-01-28,JPY,UYU,buy,0.298137
2019-01-28,JPY,UYU,sell,0.298137
2019-01-28,KRW,UYU,buy,0.029143
2019-01-28,KRW,UYU,sell,0.029143
2019-01-28,MXN,UYU,buy,1.710952
2019-01-28,MXN,UYU,sell,1.710952
2019-01-28,MYR,UYU,buy,7.922909
2019-01-28,MYR,UYU,sell,7.922909
2019-01-28,NOK,UYU,buy,3.829625
2019-01-28,NOK,UYU,sell,3.829625
2019-01-28,NZD,UYU,buy,22.279149
2019-01-28,NZD,UYU,sell,22.279149
2019-01-28,PEN,UYU,buy,9.700461
2019-01-28,PEN,UYU,sell,9.700461
2019-01-28,PYG,UYU,buy,0.005373
2019-01-28,PYG,UYU,sell,0.005373
2019-01-28,RUB,UYU,buy,0.491115
2019-01-28,RUB,UYU,sell,0.491115
2019-01-28,SEK,UYU,buy,3.598657
2019-01-28,SEK,UYU,sell,3.598657
2019-01-28,TRY,UYU,buy,6.115021
2019-01-28,TRY,UYU,sell,6.115021
2019-01-28,USD,UYU,buy,32.595
2019-01-28,USD,UYU,sell,32.595
2019-01-28,VES,UYU,buy,0.01565
2019-01-28,VES,UYU,sell,0.01565
2019-01-28,XDR,UYU,buy,45.477678
2019-01-28,XDR,UYU,sell,45.477678
2019-01-28,ZAR,UYU,buy,2.384452
2019-01-28,ZAR,UYU,sell,2.384452
2019-01-29,ARS,UYU,buy,0.864433
2019-01-29,ARS,UYU,sell,0.864433
2019-01-29,AUD,UYU,buy,23.26858
2019-01-29,AUD,UYU,sell,23.26858
2019-01-29,BRL,UYU,buy,8.738748
2019-01-29,BRL,UYU,sell,8.738748
2019-01-29,CAD,UYU,buy,24.505896
2019-01-29,CAD,UYU,sell,24.505896
2019-01-29,CHF,UYU,buy,32.671656
2019-01-29,CHF,UYU,sell,32.671656
2019-01-29,CLP,UYU,buy,0.048716
2019-01-29,CLP,UYU,sell,0.048716
2019-01-29,CNY,UYU,buy,4.829383
2019-01-29,CNY,UYU,sell,4.829383
2019-01-29,COP,UYU,buy,0.01031
2019-01-29,COP,UYU,sell,0.01031
2019-01-29,DKK,UYU,buy,4.977502
2019-01-29,DKK,UYU,sell,4.977502
2019-01-29,EUR,UYU,buy,37.157527
2019-01-29,EUR,UYU,sell,37.157527
2019-01-29,GBP,UYU,buy,42.756362
2019-01-29,GBP,UYU,sell,42.756362
2019-01-29,HKD,UYU,buy,4.145196
2019-01-29,HKD,UYU,sell,4.145196
2019-01-29,HUF,UYU,buy,0.117153
2019-01-29,HUF,UYU,sell,0.117153
2019-01-29,INR,UYU,buy,0.457362
2019-01-29,INR,UYU,sell,0.457362
2019-01-29,ISK,UYU,buy,0.271194
2019-01-29,ISK,UYU,sell,0.271194
2019-01-29,JPY,UYU,buy,0.297258
2019-01-29,JPY,UYU,sell,0.297258
2019-01-29,KRW,UYU,buy,0.029133
2019-01-29,KRW,UYU,sell,0.029133
2019-01-29,MXN,UYU,buy,1.712828
2019-01-29,MXN,UYU,sell,1.712828
2019-01-29,MYR,UYU,buy,7.909771
2019-01-29,MYR,UYU,sell,7.909771
2019-01-29,NOK,UYU,buy,3.827136
2019-01-29,NOK,UYU,sell,3.827136
2019-01-29,NZD,UYU,buy,22.218087
2019-01-29,NZD,UYU,sell,22.218087
2019-01-29,PEN,UYU,buy,9.68898
2019-01-29,PEN,UYU,sell,9.68898
2019-01-29,PYG,UYU,buy,0.005344
2019-01-29,PYG,UYU,sell,0.005344
2019-01-29,RUB,UYU,buy,0.492491
2019-01-29,RUB,UYU,sell,0.492491
2019-01-29,SEK,UYU,buy,3.588685
2019-01-29,SEK,UYU,sell,3.588685
2019-01-29,TRY,UYU,buy,6.115414
2019-01-29,TRY,UYU,sell,6.115414
2019-01-29,USD,UYU,buy,32.539
2019-01-29,USD,UYU,sell,32.539
2019-01-29,VES,UYU,buy,0.00987
2019-01-29,VES,UYU,sell,0.00987
2019-01-29,XDR,UYU,buy,45.44016
2019-01-29,XDR,UYU,sell,45.44016
2019-01-29,ZAR,UYU,buy,2.391722
2019-01-29,ZAR,UYU,sell,2.391722
2019-01-30,ARS,UYU,buy,0.868498
2019-01-30,ARS,UYU,sell,0.868498
2019-01-30,AUD,UYU,buy,23.555351
2019-01-30,AUD,UYU,sell,23.555351
2019-01-30,BRL,UYU,buy,8.786946
2019-01-30,BRL,UYU,sell,8.786946
2019-01-30,CAD,UYU,buy,24.721294
2019-01-30,CAD,UYU,sell,24.721294
2019-01-30,CHF,UYU,buy,32.660781
2019-01-30,CHF,UYU,sell,32.660781
2019-01-30,CLP,UYU,buy,0.048765
2019-01-30,CLP,UYU,sell,0.048765
2019-01-30,CNY,UYU,buy,4.84672
2019-01-30,CNY,UYU,sell,4.84672
2019-01-30,COP,UYU,buy,0.010289
2019-01-30,COP,UYU,sell,0.010289
2019-01-30,DKK,UYU,buy,4.993289
2019-01-30,DKK,UYU,sell,4.993289
2019-01-30,EUR,UYU,buy,37.274812
2019-01-30,EUR,UYU,sell,37.274812
2019-01-30,GBP,UYU,buy,42.618388
2019-01-30,GBP,UYU,sell,42.618388
2019-01-30,HKD,UYU,buy,4.149628
2019-01-30,HKD,UYU,sell,4.149628
2019-01-30,HUF,UYU,buy,0.118069
2019-01-30,HUF,UYU,sell,0.118069
2019-01-30,INR,UYU,buy,0.457687
2019-01-30,INR,UYU,sell,0.457687
2019-01-30,ISK,UYU,buy,0.271603
2019-01-30,ISK,UYU,sell,0.271603
2019-01-30,JPY,UYU,buy,0.297654
2019-01-30,JPY,UYU,sell,0.297654
2019-01-30,KRW,UYU,buy,0.029159
2019-01-30,KRW,UYU,sell,0.029159
2019-01-30,MXN,UYU,buy,1.706503
2019-01-30,MXN,UYU,sell,1.706503
2019-01-30,MYR,UYU,buy,7.927671
2019-01-30,MYR,UYU,sell,7.927671
2019-01-30,NOK,UYU,buy,3.846122
2019-01-30,NOK,UYU,sell,3.846122
2019-01-30,NZD,UYU,buy,22.38507
2019-01-30,NZD,UYU,sell,22.38507
2019-01-30,PEN,UYU,buy,9.710356
2019-01-30,PEN,UYU,sell,9.710356
2019-01-30,PYG,UYU,buy,0.005361
2019-01-30,PYG,UYU,sell,0.005361
2019-01-30,RUB,UYU,buy,0.494884
2019-01-30,RUB,UYU,sell,0.494884
2019-01-30,SEK,UYU,buy,3.587246
2019-01-30,SEK,UYU,sell,3.587246
2019-01-30,TRY,UYU,buy,6.206482
2019-01-30,TRY,UYU,sell,6.206482
2019-01-30,USD,UYU,buy,32.569
2019-01-30,USD,UYU,sell,32.569
2019-01-30,VES,UYU,buy,0.00988
2019-01-30,VES,UYU,sell,0.00988
2019-01-30,XDR,UYU,buy,45.482726
2019-01-30,XDR,UYU,sell,45.482726
2019-01-30,ZAR,UYU,buy,2.409602
2019-01-30,ZAR,UYU,sell,2.409602
2019-01-31,ARS,UYU,buy,0.870323
2019-01-31,ARS,UYU,sell,0.870323
2019-01-31,AUD,UYU,buy,23.581721
2019-01-31,AUD,UYU,sell,23.581721
2019-01-31,BRL,UYU,buy,8.878652
2019-01-31,BRL,UYU,sell,8.878652
2019-01-31,CAD,UYU,buy,24.704271
2019-01-31,CAD,UYU,sell,24.704271
2019-01-31,CHF,UYU,buy,32.646394
2019-01-31,CHF,UYU,sell,32.646394
2019-01-31,CLP,UYU,buy,0.049615
2019-01-31,CLP,UYU,sell,0.049615
2019-01-31,CNY,UYU,buy,4.849837
2019-01-31,CNY,UYU,sell,4.849837
2019-01-31,COP,UYU,buy,0.010454
2019-01-31,COP,UYU,sell,0.010454
2019-01-31,DKK,UYU,buy,4.976821
2019-01-31,DKK,UYU,sell,4.976821
2019-01-31,EUR,UYU,buy,37.156271
2019-01-31,EUR,UYU,sell,37.156271
2019-01-31,GBP,UYU,buy,42.539003
2019-01-31,GBP,UYU,sell,42.539003
2019-01-31,HKD,UYU,buy,4.138498
2019-01-31,HKD,UYU,sell,4.138498
2019-01-31,HUF,UYU,buy,0.117677
2019-01-31,HUF,UYU,sell,0.117677
2019-01-31,INR,UYU,buy,0.456847
2019-01-31,INR,UYU,sell,0.456847
2019-01-31,ISK,UYU,buy,0.270051
2019-01-31,ISK,UYU,sell,0.270051
2019-01-31,JPY,UYU,buy,0.29825
2019-01-31,JPY,UYU,sell,0.29825
2019-01-31,KRW,UYU,buy,0.029185
2019-01-31,KRW,UYU,sell,0.029185
2019-01-31,MXN,UYU,buy,1.697915
2019-01-31,MXN,UYU,sell,1.697915
2019-01-31,MYR,UYU,buy,7.929919
2019-01-31,MYR,UYU,sell,7.929919
2019-01-31,NOK,UYU,buy,3.84727
2019-01-31,NOK,UYU,sell,3.84727
2019-01-31,NZD,UYU,buy,22.425611
2019-01-31,NZD,UYU,sell,22.425611
2019-01-31,PEN,UYU,buy,9.759579
2019-01-31,PEN,UYU,sell,9.759579
2019-01-31,PYG,UYU,buy,0.005372
2019-01-31,PYG,UYU,sell,0.005372
2019-01-31,RUB,UYU,buy,0.495205
2019-01-31,RUB,UYU,sell,0.495205
2019-01-31,SEK,UYU,buy,3.589965
2019-01-31,SEK,UYU,sell,3.589965
2019-01-31,TRY,UYU,buy,6.262595
2019-01-31,TRY,UYU,sell,6.262595
2019-01-31,USD,UYU,buy,32.491
2019-01-31,USD,UYU,sell,32.491
2019-01-31,VES,UYU,buy,0.009856
2019-01-31,VES,UYU,sell,0.009856
2019-01-31,XDR,UYU,buy,45.487733
2019-01-31,XDR,UYU,sell,45.487733
2019-01-31,ZAR,UYU,buy,2.443898
2019-01-31,ZAR,UYU,sell,2.443898
2019-02-01,ARS,UYU,buy,0.87352
2019-02-01,ARS,UYU,sell,0.87352
2019-02-01,AUD,UYU,buy,23.553185
2019-02-01,AUD,UYU,sell,23.553185
2019-02-01,BRL,UYU,buy,8.870038
2019-02-01,BRL,UYU,sell,8.870038
2019-02-01,CAD,UYU,buy,24.822814
2019-02-01,CAD,UYU,sell,24.822814
2019-02-01,CHF,UYU,buy,32.635071
2019-02-01,CHF,UYU,sell,32.635071
2019-02-01,CLP,UYU,buy,0.049788
2019-02-01,CLP,UYU,sell,0.049788
2019-02-01,CNY,UYU,buy,4.81549
2019-02-01,CNY,UYU,sell,4.81549
2019-02-01,COP,UYU,buy,0.010502
2019-02-01,COP,UYU,sell,0.010502
2019-02-01,DKK,UYU,buy,4.98239
2019-02-01,DKK,UYU,sell,4.98239
2019-02-01,EUR,UYU,buy,37.195818
2019-02-01,EUR,UYU,sell,37.195818
2019-02-01,GBP,UYU,buy,42.468459
2019-02-01,GBP,UYU,sell,42.468459
2019-02-01,HKD,UYU,buy,4.137478
2019-02-01,HKD,UYU,sell,4.137478
2019-02-01,HUF,UYU,buy,0.117099
2019-02-01,HUF,UYU,sell,0.117099
2019-02-01,INR,UYU,buy,0.455645
2019-02-01,INR,UYU,sell,0.455645
2019-02-01,ISK,UYU,buy,0.271179
2019-02-01,ISK,UYU,sell,0.271179
2019-02-01,JPY,UYU,buy,0.296448
2019-02-01,JPY,UYU,sell,0.296448
2019-02-01,KRW,UYU,buy,0.029014
2019-02-01,KRW,UYU,sell,0.029014
2019-02-01,MXN,UYU,buy,1.698598
2019-02-01,MXN,UYU,sell,1.698598
2019-02-01,MYR,UYU,buy,7.927965
2019-02-01,MYR,UYU,sell,7.927965
2019-02-01,NOK,UYU,buy,3.846847
2019-02-01,NOK,UYU,sell,3.846847
2019-02-01,NZD,UYU,buy,22.413593
2019-02-01,NZD,UYU,sell,22.413593
2019-02-01,PEN,UYU,buy,9.75146
2019-02-01,PEN,UYU,sell,9.75146
2019-02-01,PYG,UYU,buy,0.005384
2019-02-01,PYG,UYU,sell,0.005384
2019-02-01,RUB,UYU,buy,0.49601
2019-02-01,RUB,UYU,sell,0.49601
2019-02-01,SEK,UYU,buy,3.58583
2019-02-01,SEK,UYU,sell,3.58583
2019-02-01,TRY,UYU,buy,6.235439
2019-02-01,TRY,UYU,sell,6.235439
2019-02-01,USD,UYU,buy,32.483
2019-02-01,USD,UYU,sell,32.483
2019-02-01,VES,UYU,buy,0.009853
2019-02-01,VES,UYU,sell,0.009853
2019-02-01,XDR,UYU,buy,45.403476
2019-02-01,XDR,UYU,sell,45.403476
2019-02-01,ZAR,UYU,buy,2.43515
2019-02-01,ZAR,UYU,sell,2.43515
2019-02-04,ARS,UYU,buy,0.873566
2019-02-04,ARS,UYU,sell,0.873566
2019-02-04,AUD,UYU,buy,23.450735
2019-02-04,AUD,UYU,sell,23.450735
2019-02-04,BRL,UYU,buy,8.8422
2019-02-04,BRL,UYU,sell,8.8422
2019-02-04,CAD,UYU,buy,24.727924
2019-02-04,CAD,UYU,sell,24.727924
2019-02-04,CHF,UYU,buy,32.532438
2019-02-04,CHF,UYU,sell,32.532438
2019-02-04,CLP,UYU,buy,0.049856
2019-02-04,CLP,UYU,sell,0.049856
2019-02-04,CNY,UYU,buy,4.815787
2019-02-04,CNY,UYU,sell,4.815787
2019-02-04,COP,UYU,buy,0.010517
2019-02-04,COP,UYU,sell,0.010517
2019-02-04,DKK,UYU,buy,4.972663
2019-02-04,DKK,UYU,sell,4.972663
2019-02-04,EUR,UYU,buy,37.121807
2019-02-04,EUR,UYU,sell,37.121807
2019-02-04,GBP,UYU,buy,42.360681
2019-02-04,GBP,UYU,sell,42.360681
2019-02-04,HKD,UYU,buy,4.137944
2019-02-04,HKD,UYU,sell,4.137944
2019-02-04,HUF,UYU,buy,0.117039
2019-02-04,HUF,UYU,sell,0.117039
2019-02-04,INR,UYU,buy,0.452167
2019-02-04,INR,UYU,sell,0.452167
2019-02-04,ISK,UYU,buy,0.27097
2019-02-04,ISK,UYU,sell,0.27097
2019-02-04,JPY,UYU,buy,0.295575
2019-02-04,JPY,UYU,sell,0.295575
2019-02-04,KRW,UYU,buy,0.02897
2019-02-04,KRW,UYU,sell,0.02897
2019-02-04,MXN,UYU,buy,1.697521
2019-02-04,MXN,UYU,sell,1.697521
2019-02-04,MYR,UYU,buy,7.932812
2019-02-04,MYR,UYU,sell,7.932812
2019-02-04,NOK,UYU,buy,3.833593
2019-02-04,NOK,UYU,sell,3.833593
2019-02-04,NZD,UYU,buy,22.340295
2019-02-04,NZD,UYU,sell,22.340295
2019-02-04,PEN,UYU,buy,9.748693
2019-02-04,PEN,UYU,sell,9.748693
2019-02-04,PYG,UYU,buy,0.005385
2019-02-04,PYG,UYU,sell,0.005385
2019-02-04,RUB,UYU,buy,0.494911
2019-02-04,RUB,UYU,sell,0.494911
2019-02-04,SEK,UYU,buy,3.565025
2019-02-04,SEK,UYU,sell,3.565025
2019-02-04,TRY,UYU,buy,6.223691
2019-02-04,TRY,UYU,sell,6.223691
2019-02-04,USD,UYU,buy,32.485
2019-02-04,USD,UYU,sell,32.485
2019-02-04,VES,UYU,buy,0.009857
2019-02-04,VES,UYU,sell,0.009857
2019-02-04,XDR,UYU,buy,45.330296
2019-02-04,XDR,UYU,sell,45.330296
2019-02-04,ZAR,UYU,buy,2.416549
2019-02-04,ZAR,UYU,sell,2.416549
2019-02-05,ARS,UYU,buy,0.872703
2019-02-05,ARS,UYU,sell,0.872703
2019-02-05,AUD,UYU,buy,23.487721
2019-02-05,AUD,UYU,sell,23.487721
2019-02-05,BRL,UYU,buy,8.856071
2019-02-05,BRL,UYU,sell,8.856071
2019-02-05,CAD,UYU,buy,24.717793
2019-02-05,CAD,UYU,sell,24.717793
2019-02-05,CHF,UYU,buy,32.461638
2019-02-05,CHF,UYU,sell,32.461638
2019-02-05,CLP,UYU,buy,0.04983
2019-02-05,CLP,UYU,sell,0.04983
2019-02-05,CNY,UYU,buy,4.81638
2019-02-05,CNY,UYU,sell,4.81638
2019-02-05,COP,UYU,buy,0.010452
2019-02-05,COP,UYU,sell,0.010452
2019-02-05,DKK,UYU,buy,4.964228
2019-02-05,DKK,UYU,sell,4.964228
2019-02-05,EUR,UYU,buy,37.058187
2019-02-05,EUR,UYU,sell,37.058187
2019-02-05,GBP,UYU,buy,42.054159
2019-02-05,GBP,UYU,sell,42.054159
2019-02-05,HKD,UYU,buy,4.138612
2019-02-05,HKD,UYU,sell,4.138612
2019-02-05,HUF,UYU,buy,0.11666
2019-02-05,HUF,UYU,sell,0.11666
2019-02-05,INR,UYU,buy,0.453716
2019-02-05,INR,UYU,sell,0.453716
2019-02-05,ISK,UYU,buy,0.270506
2019-02-05,ISK,UYU,sell,0.270506
2019-02-05,JPY,UYU,buy,0.295316
2019-02-05,JPY,UYU,sell,0.295316
2019-02-05,KRW,UYU,buy,0.028942
2019-02-05,KRW,UYU,sell,0.028942
2019-02-05,MXN,UYU,buy,1.704338
2019-02-05,MXN,UYU,sell,1.704338
2019-02-05,MYR,UYU,buy,7.933789
2019-02-05,MYR,UYU,sell,7.933789
2019-02-05,NOK,UYU,buy,3.829747
2019-02-05,NOK,UYU,sell,3.829747
2019-02-05,NZD,UYU,buy,22.385263
2019-02-05,NZD,UYU,sell,22.385263
2019-02-05,PEN,UYU,buy,9.766609
2019-02-05,PEN,UYU,sell,9.766609
2019-02-05,PYG,UYU,buy,0.005387
2019-02-05,PYG,UYU,sell,0.005387
2019-02-05,RUB,UYU,buy,0.495091
2019-02-05,RUB,UYU,sell,0.495091
2019-02-05,SEK,UYU,buy,3.563195
2019-02-05,SEK,UYU,sell,3.563195
2019-02-05,TRY,UYU,buy,6.251239
2019-02-05,TRY,UYU,sell,6.251239
2019-02-05,USD,UYU,buy,32.489
2019-02-05,USD,UYU,sell,32.489
2019-02-05,VES,UYU,buy,0.009861
2019-02-05,VES,UYU,sell,0.009861
2019-02-05,XDR,UYU,buy,45.288145
2019-02-05,XDR,UYU,sell,45.288145
2019-02-05,ZAR,UYU,buy,2.429032
2019-02-05,ZAR,UYU,sell,2.429032
2019-02-06,ARS,UYU,buy,0.866586
2019-02-06,ARS,UYU,sell,0.866586
2019-02-06,AUD,UYU,buy,23.129034
2019-02-06,AUD,UYU,sell,23.129034
2019-02-06,BRL,UYU,buy,8.779961
2019-02-06,BRL,UYU,sell,8.779961
2019-02-06,CAD,UYU,buy,24.639624
2019-02-06,CAD,UYU,sell,24.639624
2019-02-06,CHF,UYU,buy,32.454976
2019-02-06,CHF,UYU,sell,32.454976
2019-02-06,CLP,UYU,buy,0.049693
2019-02-06,CLP,UYU,sell,0.049693
2019-02-06,CNY,UYU,buy,4.824537
2019-02-06,CNY,UYU,sell,4.824537
2019-02-06,COP,UYU,buy,0.010475
2019-02-06,COP,UYU,sell,0.010475
2019-02-06,DKK,UYU,buy,4.952949
2019-02-06,DKK,UYU,sell,4.952949
2019-02-06,EUR,UYU,buy,36.969698
2019-02-06,EUR,UYU,sell,36.969698
2019-02-06,GBP,UYU,buy,42.079847
2019-02-06,GBP,UYU,sell,42.079847
2019-02-06,HKD,UYU,buy,4.145595
2019-02-06,HKD,UYU,sell,4.145595
2019-02-06,HUF,UYU,buy,0.116024
2019-02-06,HUF,UYU,sell,0.116024
2019-02-06,INR,UYU,buy,0.454532
2019-02-06,INR,UYU,sell,0.454532
2019-02-06,ISK,UYU,buy,0.269908
2019-02-06,ISK,UYU,sell,0.269908
2019-02-06,JPY,UYU,buy,0.295857
2019-02-06,JPY,UYU,sell,0.295857
2019-02-06,KRW,UYU,buy,0.029036
2019-02-06,KRW,UYU,sell,0.029036
2019-02-06,MXN,UYU,buy,1.701731
2019-02-06,MXN,UYU,sell,1.701731
2019-02-06,MYR,UYU,buy,7.947227
2019-02-06,MYR,UYU,sell,7.947227
2019-02-06,NOK,UYU,buy,3.8091
2019-02-06,NOK,UYU,sell,3.8091
2019-02-06,NZD,UYU,buy,22.21825
2019-02-06,NZD,UYU,sell,22.21825
2019-02-06,PEN,UYU,buy,9.788008
2019-02-06,PEN,UYU,sell,9.788008
2019-02-06,PYG,UYU,buy,0.005383
2019-02-06,PYG,UYU,sell,0.005383
2019-02-06,RUB,UYU,buy,0.494038
2019-02-06,RUB,UYU,sell,0.494038
2019-02-06,SEK,UYU,buy,3.538402
2019-02-06,SEK,UYU,sell,3.538402
2019-02-06,TRY,UYU,buy,6.228732
2019-02-06,TRY,UYU,sell,6.228732
2019-02-06,USD,UYU,buy,32.544
2019-02-06,USD,UYU,sell,32.544
2019-02-06,VES,UYU,buy,0.009877
2019-02-06,VES,UYU,sell,0.009877
2019-02-06,XDR,UYU,buy,45.303047
2019-02-06,XDR,UYU,sell,45.303047
2019-02-06,ZAR,UYU,buy,2.396108
2019-02-06,ZAR,UYU,sell,2.396108
2019-02-07,ARS,UYU,buy,0.861179
2019-02-07,ARS,UYU,sell,0.861179
2019-02-07,AUD,UYU,buy,23.133011
2019-02-07,AUD,UYU,sell,23.133011
2019-02-07,BRL,UYU,buy,8.76503
2019-02-07,BRL,UYU,sell,8.76503
2019-02-07,CAD,UYU,buy,24.503854
2019-02-07,CAD,UYU,sell,24.503854
2019-02-07,CHF,UYU,buy,32.536822
2019-02-07,CHF,UYU,sell,32.536822
2019-02-07,CLP,UYU,buy,0.049735
2019-02-07,CLP,UYU,sell,0.049735
2019-02-07,CNY,UYU,buy,4.830766
2019-02-07,CNY,UYU,sell,4.830766
2019-02-07,COP,UYU,buy,0.010449
2019-02-07,COP,UYU,sell,0.010449
2019-02-07,DKK,UYU,buy,4.956458
2019-02-07,DKK,UYU,sell,4.956458
2019-02-07,EUR,UYU,buy,36.990986
2019-02-07,EUR,UYU,sell,36.990986
2019-02-07,GBP,UYU,buy,42.232122
2019-02-07,GBP,UYU,sell,42.232122
2019-02-07,HKD,UYU,buy,4.152018
2019-02-07,HKD,UYU,sell,4.152018
2019-02-07,HUF,UYU,buy,0.116013
2019-02-07,HUF,UYU,sell,0.116013
2019-02-07,INR,UYU,buy,0.455999
2019-02-07,INR,UYU,sell,0.455999
2019-02-07,ISK,UYU,buy,0.271228
2019-02-07,ISK,UYU,sell,0.271228
2019-02-07,JPY,UYU,buy,0.296663
2019-02-07,JPY,UYU,sell,0.296663
2019-02-07,KRW,UYU,buy,0.028986
2019-02-07,KRW,UYU,sell,0.028986
2019-02-07,MXN,UYU,buy,1.706049
2019-02-07,MXN,UYU,sell,1.706049
2019-02-07,MYR,UYU,buy,8.002947
2019-02-07,MYR,UYU,sell,8.002947
2019-02-07,NOK,UYU,buy,3.796762
2019-02-07,NOK,UYU,sell,3.796762
2019-02-07,NZD,UYU,buy,22.021896
2019-02-07,NZD,UYU,sell,22.021896
2019-02-07,PEN,UYU,buy,9.801173
2019-02-07,PEN,UYU,sell,9.801173
2019-02-07,PYG,UYU,buy,0.005403
2019-02-07,PYG,UYU,sell,0.005403
2019-02-07,RUB,UYU,buy,0.493691
2019-02-07,RUB,UYU,sell,0.493691
2019-02-07,SEK,UYU,buy,3.525491
2019-02-07,SEK,UYU,sell,3.525491
2019-02-07,TRY,UYU,buy,6.184506
2019-02-07,TRY,UYU,sell,6.184506
2019-02-07,USD,UYU,buy,32.6
2019-02-07,USD,UYU,sell,32.6
2019-02-07,VES,UYU,buy,0.009893
2019-02-07,VES,UYU,sell,0.009893
2019-02-07,XDR,UYU,buy,45.278075
2019-02-07,XDR,UYU,sell,45.278075
2019-02-07,ZAR,UYU,buy,2.398925
2019-02-07,ZAR,UYU,sell,2.398925
2019-02-08,ARS,UYU,buy,0.860846
2019-02-08,ARS,UYU,sell,0.860846
2019-02-08,AUD,UYU,buy,23.088662
2019-02-08,AUD,UYU,sell,23.088662
2019-02-08,BRL,UYU,buy,8.727877
2019-02-08,BRL,UYU,sell,8.727877
2019-02-08,CAD,UYU,buy,24.542817
2019-02-08,CAD,UYU,sell,24.542817
2019-02-08,CHF,UYU,buy,32.560604
2019-02-08,CHF,UYU,sell,32.560604
2019-02-08,CLP,UYU,buy,0.049435
2019-02-08,CLP,UYU,sell,0.049435
2019-02-08,CNY,UYU,buy,4.828986
2019-02-08,CNY,UYU,sell,4.828986
2019-02-08,COP,UYU,buy,0.010452
2019-02-08,COP,UYU,sell,0.010452
2019-02-08,DKK,UYU,buy,4.94249
2019-02-08,DKK,UYU,sell,4.94249
2019-02-08,EUR,UYU,buy,36.886161
2019-02-08,EUR,UYU,sell,36.886161
2019-02-08,GBP,UYU,buy,42.126996
2019-02-08,GBP,UYU,sell,42.126996
2019-02-08,HKD,UYU,buy,4.150833
2019-02-08,HKD,UYU,sell,4.150833
2019-02-08,HUF,UYU,buy,0.115667
2019-02-08,HUF,UYU,sell,0.115667
2019-02-08,INR,UYU,buy,0.45675
2019-02-08,INR,UYU,sell,0.45675
2019-02-08,ISK,UYU,buy,0.270138
2019-02-08,ISK,UYU,sell,0.270138
2019-02-08,JPY,UYU,buy,0.296688
2019-02-08,JPY,UYU,sell,0.296688
2019-02-08,KRW,UYU,buy,0.028985
2019-02-08,KRW,UYU,sell,0.028985
2019-02-08,MXN,UYU,buy,1.70939
2019-02-08,MXN,UYU,sell,1.70939
2019-02-08,MYR,UYU,buy,8.005407
2019-02-08,MYR,UYU,sell,8.005407
2019-02-08,NOK,UYU,buy,3.775019
2019-02-08,NOK,UYU,sell,3.775019
2019-02-08,NZD,UYU,buy,21.973071
2019-02-08,NZD,UYU,sell,21.973071
2019-02-08,PEN,UYU,buy,9.802281
2019-02-08,PEN,UYU,sell,9.802281
2019-02-08,PYG,UYU,buy,0.005395
2019-02-08,PYG,UYU,sell,0.005395
2019-02-08,RUB,UYU,buy,0.495663
2019-02-08,RUB,UYU,sell,0.495663
2019-02-08,SEK,UYU,buy,3.512374
2019-02-08,SEK,UYU,sell,3.512374
2019-02-08,TRY,UYU,buy,6.203363
2019-02-08,TRY,UYU,sell,6.203363
2019-02-08,USD,UYU,buy,32.588
2019-02-08,USD,UYU,sell,32.588
2019-02-08,VES,UYU,buy,0.00989
2019-02-08,VES,UYU,sell,0.00989
2019-02-08,XDR,UYU,buy,45.301138
2019-02-08,XDR,UYU,sell,45.301138
2019-02-08,ZAR,UYU,buy,2.389001
2019-02-08,ZAR,UYU,sell,2.389001
2019-02-11,ARS,UYU,buy,0.858835
2019-02-11,ARS,UYU,sell,0.858835
2019-02-11,AUD,UYU,buy,23.011582
2019-02-11,AUD,UYU,sell,23.011582
2019-02-11,BRL,UYU,buy,8.664283
2019-02-11,BRL,UYU,sell,8.664283
2019-02-11,CAD,UYU,buy,24.50987
2019-02-11,CAD,UYU,sell,24.50987
2019-02-11,CHF,UYU,buy,32.45407
2019-02-11,CHF,UYU,sell,32.45407
2019-02-11,CLP,UYU,buy,0.049154
2019-02-11,CLP,UYU,sell,0.049154
2019-02-11,CNY,UYU,buy,4.798374
2019-02-11,CNY,UYU,sell,4.798374
2019-02-11,COP,UYU,buy,0.010379
2019-02-11,COP,UYU,sell,0.010379
2019-02-11,DKK,UYU,buy,4.922371
2019-02-11,DKK,UYU,sell,4.922371
2019-02-11,EUR,UYU,buy,36.734443
2019-02-11,EUR,UYU,sell,36.734443
2019-02-11,GBP,UYU,buy,41.908423
2019-02-11,GBP,UYU,sell,41.908423
2019-02-11,HKD,UYU,buy,4.153011
2019-02-11,HKD,UYU,sell,4.153011
2019-02-11,HUF,UYU,buy,0.114778
2019-02-11,HUF,UYU,sell,0.114778
2019-02-11,INR,UYU,buy,0.45793
2019-02-11,INR,UYU,sell,0.45793
2019-02-11,ISK,UYU,buy,0.268999
2019-02-11,ISK,UYU,sell,0.268999
2019-02-11,JPY,UYU,buy,0.295123
2019-02-11,JPY,UYU,sell,0.295123
2019-02-11,KRW,UYU,buy,0.02898
2019-02-11,KRW,UYU,sell,0.02898
2019-02-11,MXN,UYU,buy,1.688547
2019-02-11,MXN,UYU,sell,1.688547
2019-02-11,MYR,UYU,buy,8.002455
2019-02-11,MYR,UYU,sell,8.002455
2019-02-11,NOK,UYU,buy,3.736436
2019-02-11,NOK,UYU,sell,3.736436
2019-02-11,NZD,UYU,buy,21.932786
2019-02-11,NZD,UYU,sell,21.932786
2019-02-11,PEN,UYU,buy,9.780045
2019-02-11,PEN,UYU,sell,9.780045
2019-02-11,PYG,UYU,buy,0.005402
2019-02-11,PYG,UYU,sell,0.005402
2019-02-11,RUB,UYU,buy,0.495128
2019-02-11,RUB,UYU,sell,0.495128
2019-02-11,SEK,UYU,buy,3.502125
2019-02-11,SEK,UYU,sell,3.502125
2019-02-11,TRY,UYU,buy,6.168404
2019-02-11,TRY,UYU,sell,6.168404
2019-02-11,USD,UYU,buy,32.608
2019-02-11,USD,UYU,sell,32.608
2019-02-11,VES,UYU,buy,0.009895
2019-02-11,VES,UYU,sell,0.009895
2019-02-11,XDR,UYU,buy,45.263118
2019-02-11,XDR,UYU,sell,45.263118
2019-02-11,ZAR,UYU,buy,2.356514
2019-02-11,ZAR,UYU,sell,2.356514
2019-02-12,ARS,UYU,buy,0.857286
2019-02-12,ARS,UYU,sell,0.857286
2019-02-12,AUD,UYU,buy,23.106621
2019-02-12,AUD,UYU,sell,23.106621
2019-02-12,BRL,UYU,buy,8.769529
2019-02-12,BRL,UYU,sell,8.769529
2019-02-12,CAD,UYU,buy,24.588195
2019-02-12,CAD,UYU,sell,24.588195
2019-02-12,CHF,UYU,buy,32.353789
2019-02-12,CHF,UYU,sell,32.353789
2019-02-12,CLP,UYU,buy,0.049282
2019-02-12,CLP,UYU,sell,0.049282
2019-02-12,CNY,UYU,buy,4.806023
2019-02-12,CNY,UYU,sell,4.806023
2019-02-12,COP,UYU,buy,0.010409
2019-02-12,COP,UYU,sell,0.010409
2019-02-12,DKK,UYU,buy,4.943513
2019-02-12,DKK,UYU,sell,4.943513
2019-02-12,EUR,UYU,buy,36.890831
2019-02-12,EUR,UYU,sell,36.890831
2019-02-12,GBP,UYU,buy,41.998868
2019-02-12,GBP,UYU,sell,41.998868
2019-02-12,HKD,UYU,buy,4.14808
2019-02-12,HKD,UYU,sell,4.14808
2019-02-12,HUF,UYU,buy,0.115919
2019-02-12,HUF,UYU,sell,0.115919
2019-02-12,INR,UYU,buy,0.460383
2019-02-12,INR,UYU,sell,0.460383
2019-02-12,ISK,UYU,buy,0.269659
2019-02-12,ISK,UYU,sell,0.269659
2019-02-12,JPY,UYU,buy,0.294637
2019-02-12,JPY,UYU,sell,0.294637
2019-02-12,KRW,UYU,buy,0.028968
2019-02-12,KRW,UYU,sell,0.028968
2019-02-12,MXN,UYU,buy,1.688712
2019-02-12,MXN,UYU,sell,1.688712
2019-02-12,MYR,UYU,buy,7.985283
2019-02-12,MYR,UYU,sell,7.985283
2019-02-12,NOK,UYU,buy,3.763134
2019-02-12,NOK,UYU,sell,3.763134
2019-02-12,NZD,UYU,buy,21.928094
2019-02-12,NZD,UYU,sell,21.928094
2019-02-12,PEN,UYU,buy,9.775842
2019-02-12,PEN,UYU,sell,9.775842
2019-02-12,PYG,UYU,buy,0.005383
2019-02-12,PYG,UYU,sell,0.005383
2019-02-12,RUB,UYU,buy,0.494199
2019-02-12,RUB,UYU,sell,0.494199
2019-02-12,SEK,UYU,buy,3.515615
2019-02-12,SEK,UYU,sell,3.515615
2019-02-12,TRY,UYU,buy,6.199784
2019-02-12,TRY,UYU,sell,6.199784
2019-02-12,USD,UYU,buy,32.572
2019-02-12,USD,UYU,sell,32.572
2019-02-12,VES,UYU,buy,0.009884
2019-02-12,VES,UYU,sell,0.009884
2019-02-12,XDR,UYU,buy,45.154846
2019-02-12,XDR,UYU,sell,45.154846
2019-02-12,ZAR,UYU,buy,2.364167
2019-02-12,ZAR,UYU,sell,2.364167
2019-02-13,ARS,UYU,buy,0.852907
2019-02-13,ARS,UYU,sell,0.852907
2019-02-13,AUD,UYU,buy,23.137104
2019-02-13,AUD,UYU,sell,23.137104
2019-02-13,BRL,UYU,buy,8.684154
2019-02-13,BRL,UYU,sell,8.684154
2019-02-13,CAD,UYU,buy,24.6033
2019-02-13,CAD,UYU,sell,24.6033
2019-02-13,CHF,UYU,buy,32.299836
2019-02-13,CHF,UYU,sell,32.299836
2019-02-13,CLP,UYU,buy,0.049079
2019-02-13,CLP,UYU,sell,0.049079
2019-02-13,CNY,UYU,buy,4.818649
2019-02-13,CNY,UYU,sell,4.818649
2019-02-13,COP,UYU,buy,0.010373
2019-02-13,COP,UYU,sell,0.010373
2019-02-13,DKK,UYU,buy,4.924044
2019-02-13,DKK,UYU,sell,4.924044
2019-02-13,EUR,UYU,buy,36.740841
2019-02-13,EUR,UYU,sell,36.740841
2019-02-13,GBP,UYU,buy,41.897622
2019-02-13,GBP,UYU,sell,41.897622
2019-02-13,HKD,UYU,buy,4.150523
2019-02-13,HKD,UYU,sell,4.150523
2019-02-13,HUF,UYU,buy,0.115142
2019-02-13,HUF,UYU,sell,0.115142
2019-02-13,INR,UYU,buy,0.460081
2019-02-13,INR,UYU,sell,0.460081
2019-02-13,ISK,UYU,buy,0.271161
2019-02-13,ISK,UYU,sell,0.271161
2019-02-13,JPY,UYU,buy,0.293636
2019-02-13,JPY,UYU,sell,0.293636
2019-02-13,KRW,UYU,buy,0.029041
2019-02-13,KRW,UYU,sell,0.029041
2019-02-13,MXN,UYU,buy,1.681476
2019-02-13,MXN,UYU,sell,1.681476
2019-02-13,MYR,UYU,buy,8.008851
2019-02-13,MYR,UYU,sell,8.008851
2019-02-13,NOK,UYU,buy,3.764097
2019-02-13,NOK,UYU,sell,3.764097
2019-02-13,NZD,UYU,buy,22.185885
2019-02-13,NZD,UYU,sell,22.185885
2019-02-13,PEN,UYU,buy,9.756214
2019-02-13,PEN,UYU,sell,9.756214
2019-02-13,PYG,UYU,buy,0.005392
2019-02-13,PYG,UYU,sell,0.005392
2019-02-13,RUB,UYU,buy,0.492143
2019-02-13,RUB,UYU,sell,0.492143
2019-02-13,SEK,UYU,buy,3.517167
2019-02-13,SEK,UYU,sell,3.517167
2019-02-13,TRY,UYU,buy,6.172678
2019-02-13,TRY,UYU,sell,6.172678
2019-02-13,USD,UYU,buy,32.592
2019-02-13,USD,UYU,sell,32.592
2019-02-13,VES,UYU,buy,0.009887
2019-02-13,VES,UYU,sell,0.009887
2019-02-13,XDR,UYU,buy,45.268587
2019-02-13,XDR,UYU,sell,45.268587
2019-02-13,ZAR,UYU,buy,2.32942
2019-02-13,ZAR,UYU,sell,2.32942
2019-02-14,ARS,UYU,buy,0.852912
2019-02-14,ARS,UYU,sell,0.852912
2019-02-14,AUD,UYU,buy,23.152855
2019-02-14,AUD,UYU,sell,23.152855
2019-02-14,BRL,UYU,buy,8.764843
2019-02-14,BRL,UYU,sell,8.764843
2019-02-14,CAD,UYU,buy,24.534367
2019-02-14,CAD,UYU,sell,24.534367
2019-02-14,CHF,UYU,buy,32.434934
2019-02-14,CHF,UYU,sell,32.434934
2019-02-14,CLP,UYU,buy,0.048867
2019-02-14,CLP,UYU,sell,0.048867
2019-02-14,CNY,UYU,buy,4.812315
2019-02-14,CNY,UYU,sell,4.812315
2019-02-14,COP,UYU,buy,0.01034
2019-02-14,COP,UYU,sell,0.01034
2019-02-14,DKK,UYU,buy,4.936904
2019-02-14,DKK,UYU,sell,4.936904
2019-02-14,EUR,UYU,buy,36.830458
2019-02-14,EUR,UYU,sell,36.830458
2019-02-14,GBP,UYU,buy,41.709032
2019-02-14,GBP,UYU,sell,41.709032
2019-02-14,HKD,UYU,buy,4.152761
2019-02-14,HKD,UYU,sell,4.152761
2019-02-14,HUF,UYU,buy,0.115705
2019-02-14,HUF,UYU,sell,0.115705
2019-02-14,INR,UYU,buy,0.457984
2019-02-14,INR,UYU,sell,0.457984
2019-02-14,ISK,UYU,buy,0.274064
2019-02-14,ISK,UYU,sell,0.274064
2019-02-14,JPY,UYU,buy,0.294669
2019-02-14,JPY,UYU,sell,0.294669
2019-02-14,KRW,UYU,buy,0.028962
2019-02-14,KRW,UYU,sell,0.028962
2019-02-14,MXN,UYU,buy,1.690323
2019-02-14,MXN,UYU,sell,1.690323
2019-02-14,MYR,UYU,buy,7.997301
2019-02-14,MYR,UYU,sell,7.997301
2019-02-14,NOK,UYU,buy,3.77026
2019-02-14,NOK,UYU,sell,3.77026
2019-02-14,NZD,UYU,buy,22.292505
2019-02-14,NZD,UYU,sell,22.292505
2019-02-14,PEN,UYU,buy,9.764201
2019-02-14,PEN,UYU,sell,9.764201
2019-02-14,PYG,UYU,buy,0.005385
2019-02-14,PYG,UYU,sell,0.005385
2019-02-14,RUB,UYU,buy,0.488413
2019-02-14,RUB,UYU,sell,0.488413
2019-02-14,SEK,UYU,buy,3.510478
2019-02-14,SEK,UYU,sell,3.510478
2019-02-14,TRY,UYU,buy,6.178068
2019-02-14,TRY,UYU,sell,6.178068
2019-02-14,USD,UYU,buy,32.605
2019-02-14,USD,UYU,sell,32.605
2019-02-14,VES,UYU,buy,0.00989
2019-02-14,VES,UYU,sell,0.00989
2019-02-14,XDR,UYU,buy,45.151734
2019-02-14,XDR,UYU,sell,45.151734
2019-02-14,ZAR,UYU,buy,2.302597
2019-02-14,ZAR,UYU,sell,2.302597
2019-02-15,ARS,UYU,buy,0.844643
2019-02-15,ARS,UYU,sell,0.844643
2019-02-15,AUD,UYU,buy,23.291986
2019-02-15,AUD,UYU,sell,23.291986
2019-02-15,BRL,UYU,buy,8.807922
2019-02-15,BRL,UYU,sell,8.807922
2019-02-15,CAD,UYU,buy,24.60209
2019-02-15,CAD,UYU,sell,24.60209
2019-02-15,CHF,UYU,buy,32.444887
2019-02-15,CHF,UYU,sell,32.444887
2019-02-15,CLP,UYU,buy,0.049106
2019-02-15,CLP,UYU,sell,0.049106
2019-02-15,CNY,UYU,buy,4.81301
2019-02-15,CNY,UYU,sell,4.81301
2019-02-15,COP,UYU,buy,0.010401
2019-02-15,COP,UYU,sell,0.010401
2019-02-15,DKK,UYU,buy,4.937896
2019-02-15,DKK,UYU,sell,4.937896
2019-02-15,EUR,UYU,buy,36.845019
2019-02-15,EUR,UYU,sell,36.845019
2019-02-15,GBP,UYU,buy,42.007071
2019-02-15,GBP,UYU,sell,42.007071
2019-02-15,HKD,UYU,buy,4.153665
2019-02-15,HKD,UYU,sell,4.153665
2019-02-15,HUF,UYU,buy,0.115786
2019-02-15,HUF,UYU,sell,0.115786
2019-02-15,INR,UYU,buy,0.457674
2019-02-15,INR,UYU,sell,0.457674
2019-02-15,ISK,UYU,buy,0.274298
2019-02-15,ISK,UYU,sell,0.274298
2019-02-15,JPY,UYU,buy,0.29516
2019-02-15,JPY,UYU,sell,0.29516
2019-02-15,KRW,UYU,buy,0.028882
2019-02-15,KRW,UYU,sell,0.028882
2019-02-15,MXN,UYU,buy,1.692747
2019-02-15,MXN,UYU,sell,1.692747
2019-02-15,MYR,UYU,buy,7.978218
2019-02-15,MYR,UYU,sell,7.978218
2019-02-15,NOK,UYU,buy,3.775567
2019-02-15,NOK,UYU,sell,3.775567
2019-02-15,NZD,UYU,buy,22.390623
2019-02-15,NZD,UYU,sell,22.390623
2019-02-15,PEN,UYU,buy,9.799789
2019-02-15,PEN,UYU,sell,9.799789
2019-02-15,PYG,UYU,buy,0.005389
2019-02-15,PYG,UYU,sell,0.005389
2019-02-15,RUB,UYU,buy,0.491117
2019-02-15,RUB,UYU,sell,0.491117
2019-02-15,SEK,UYU,buy,3.516916
2019-02-15,SEK,UYU,sell,3.516916
2019-02-15,TRY,UYU,buy,6.167278
2019-02-15,TRY,UYU,sell,6.167278
2019-02-15,USD,UYU,buy,32.615
2019-02-15,USD,UYU,sell,32.615
2019-02-15,VES,UYU,buy,0.009893
2019-02-15,VES,UYU,sell,0.009893
2019-02-15,XDR,UYU,buy,45.200795
2019-02-15,XDR,UYU,sell,45.200795
2019-02-15,ZAR,UYU,buy,2.313709
2019-02-15,ZAR,UYU,sell,2.313709
2019-02-18,ARS,UYU,buy,0.840794
2019-02-18,ARS,UYU,sell,0.840794
2019-02-18,AUD,UYU,buy,23.253478
2019-02-18,AUD,UYU,sell,23.253478
2019-02-18,BRL,UYU,buy,8.742476
2019-02-18,BRL,UYU,sell,8.742476
2019-02-18,CAD,UYU,buy,24.637528
2019-02-18,CAD,UYU,sell,24.637528
2019-02-18,CHF,UYU,buy,32.474232
2019-02-18,CHF,UYU,sell,32.474232
2019-02-18,CLP,UYU,buy,0.049331
2019-02-18,CLP,UYU,sell,0.049331
2019-02-18,CNY,UYU,buy,4.81904
2019-02-18,CNY,UYU,sell,4.81904
2019-02-18,COP,UYU,buy,0.010431
2019-02-18,COP,UYU,sell,0.010431
2019-02-18,DKK,UYU,buy,4.943379
2019-02-18,DKK,UYU,sell,4.943379
2019-02-18,EUR,UYU,buy,36.882409
2019-02-18,EUR,UYU,sell,36.882409
2019-02-18,GBP,UYU,buy,42.153654
2019-02-18,GBP,UYU,sell,42.153654
2019-02-18,HKD,UYU,buy,4.15531
2019-02-18,HKD,UYU,sell,4.15531
2019-02-18,HUF,UYU,buy,0.115992
2019-02-18,HUF,UYU,sell,0.115992
2019-02-18,INR,UYU,buy,0.456989
2019-02-18,INR,UYU,sell,0.456989
2019-02-18,ISK,UYU,buy,0.271413
2019-02-18,ISK,UYU,sell,0.271413
2019-02-18,JPY,UYU,buy,0.29485
2019-02-18,JPY,UYU,sell,0.29485
2019-02-18,KRW,UYU,buy,0.028968
2019-02-18,KRW,UYU,sell,0.028968
2019-02-18,MXN,UYU,buy,1.693842
2019-02-18,MXN,UYU,sell,1.693842
2019-02-18,MYR,UYU,buy,7.981154
2019-02-18,MYR,UYU,sell,7.981154
2019-02-18,NOK,UYU,buy,3.788154
2019-02-18,NOK,UYU,sell,3.788154
2019-02-18,NZD,UYU,buy,22.333904
2019-02-18,NZD,UYU,sell,22.333904
2019-02-18,PEN,UYU,buy,9.823615
2019-02-18,PEN,UYU,sell,9.823615
2019-02-18,PYG,UYU,buy,0.005378
2019-02-18,PYG,UYU,sell,0.005378
2019-02-18,RUB,UYU,buy,0.492305
2019-02-18,RUB,UYU,sell,0.492305
2019-02-18,SEK,UYU,buy,3.52425
2019-02-18,SEK,UYU,sell,3.52425
2019-02-18,TRY,UYU,buy,6.138915
2019-02-18,TRY,UYU,sell,6.138915
2019-02-18,USD,UYU,buy,32.625
2019-02-18,USD,UYU,sell,32.625
2019-02-18,VES,UYU,buy,0.009899
2019-02-18,VES,UYU,sell,0.009899
2019-02-18,XDR,UYU,buy,45.299118
2019-02-18,XDR,UYU,sell,45.299118
2019-02-18,ZAR,UYU,buy,2.308128
2019-02-18,ZAR,UYU,sell,2.308128
2019-02-19,ARS,UYU,buy,0.830816
2019-02-19,ARS,UYU,sell,0.830816
2019-02-19,AUD,UYU,buy,23.40419
2019-02-19,AUD,UYU,sell,23.40419
2019-02-19,BRL,UYU,buy,8.80706
2019-02-19,BRL,UYU,sell,8.80706
2019-02-19,CAD,UYU,buy,24.701964
2019-02-19,CAD,UYU,sell,24.701964
2019-02-19,CHF,UYU,buy,32.617061
2019-02-19,CHF,UYU,sell,32.617061
2019-02-19,CLP,UYU,buy,0.04968
2019-02-19,CLP,UYU,sell,0.04968
2019-02-19,CNY,UYU,buy,4.828591
2019-02-19,CNY,UYU,sell,4.828591
2019-02-19,COP,UYU,buy,0.010477
2019-02-19,COP,UYU,sell,0.010477
2019-02-19,DKK,UYU,buy,4.963838
2019-02-19,DKK,UYU,sell,4.963838
2019-02-19,EUR,UYU,buy,37.037461
2019-02-19,EUR,UYU,sell,37.037461
2019-02-19,GBP,UYU,buy,42.616415
2019-02-19,GBP,UYU,sell,42.616415
2019-02-19,HKD,UYU,buy,4.158093
2019-02-19,HKD,UYU,sell,4.158093
2019-02-19,HUF,UYU,buy,0.116737
2019-02-19,HUF,UYU,sell,0.116737
2019-02-19,INR,UYU,buy,0.457353
2019-02-19,INR,UYU,sell,0.457353
2019-02-19,ISK,UYU,buy,0.27289
2019-02-19,ISK,UYU,sell,0.27289
2019-02-19,JPY,UYU,buy,0.295165
2019-02-19,JPY,UYU,sell,0.295165
2019-02-19,KRW,UYU,buy,0.028924
2019-02-19,KRW,UYU,sell,0.028924
2019-02-19,MXN,UYU,buy,1.705549
2019-02-19,MXN,UYU,sell,1.705549
2019-02-19,MYR,UYU,buy,7.997304
2019-02-19,MYR,UYU,sell,7.997304
2019-02-19,NOK,UYU,buy,3.810564
2019-02-19,NOK,UYU,sell,3.810564
2019-02-19,NZD,UYU,buy,22.474093
2019-02-19,NZD,UYU,sell,22.474093
2019-02-19,PEN,UYU,buy,9.840044
2019-02-19,PEN,UYU,sell,9.840044
2019-02-19,PYG,UYU,buy,0.00537
2019-02-19,PYG,UYU,sell,0.00537
2019-02-19,RUB,UYU,buy,0.495952
2019-02-19,RUB,UYU,sell,0.495952
2019-02-19,SEK,UYU,buy,3.510612
2019-02-19,SEK,UYU,sell,3.510612
2019-02-19,TRY,UYU,buy,6.178764
2019-02-19,TRY,UYU,sell,6.178764
2019-02-19,USD,UYU,buy,32.651
2019-02-19,USD,UYU,sell,32.651
2019-02-19,VES,UYU,buy,0.009907
2019-02-19,VES,UYU,sell,0.009907
2019-02-19,XDR,UYU,buy,45.278452
2019-02-19,XDR,UYU,sell,45.278452
2019-02-19,ZAR,UYU,buy,2.318971
2019-02-19,ZAR,UYU,sell,2.318971
2019-02-20,ARS,UYU,buy,0.82336
2019-02-20,ARS,UYU,sell,0.82336
2019-02-20,AUD,UYU,buy,23.434465
2019-02-20,AUD,UYU,sell,23.434465
2019-02-20,BRL,UYU,buy,8.789697
2019-02-20,BRL,UYU,sell,8.789697
2019-02-20,CAD,UYU,buy,24.817812
2019-02-20,CAD,UYU,sell,24.817812
2019-02-20,CHF,UYU,buy,32.676972
2019-02-20,CHF,UYU,sell,32.676972
2019-02-20,CLP,UYU,buy,0.050021
2019-02-20,CLP,UYU,sell,0.050021
2019-02-20,CNY,UYU,buy,4.85903
2019-02-20,CNY,UYU,sell,4.85903
2019-02-20,COP,UYU,buy,0.010496
2019-02-20,COP,UYU,sell,0.010496
2019-02-20,DKK,UYU,buy,4.970361
2019-02-20,DKK,UYU,sell,4.970361
2019-02-20,EUR,UYU,buy,37.085927
2019-02-20,EUR,UYU,sell,37.085927
2019-02-20,GBP,UYU,buy,42.698377
2019-02-20,GBP,UYU,sell,42.698377
2019-02-20,HKD,UYU,buy,4.160912
2019-02-20,HKD,UYU,sell,4.160912
2019-02-20,HUF,UYU,buy,0.1169
2019-02-20,HUF,UYU,sell,0.1169
2019-02-20,INR,UYU,buy,0.45921
2019-02-20,INR,UYU,sell,0.45921
2019-02-20,ISK,UYU,buy,0.273308
2019-02-20,ISK,UYU,sell,0.273308
2019-02-20,JPY,UYU,buy,0.294849
2019-02-20,JPY,UYU,sell,0.294849
2019-02-20,KRW,UYU,buy,0.029066
2019-02-20,KRW,UYU,sell,0.029066
2019-02-20,MXN,UYU,buy,1.704078
2019-02-20,MXN,UYU,sell,1.704078
2019-02-20,MYR,UYU,buy,8.027283
2019-02-20,MYR,UYU,sell,8.027283
2019-02-20,NOK,UYU,buy,3.806366
2019-02-20,NOK,UYU,sell,3.806366
2019-02-20,NZD,UYU,buy,22.438366
2019-02-20,NZD,UYU,sell,22.438366
2019-02-20,PEN,UYU,buy,9.841494
2019-02-20,PEN,UYU,sell,9.841494
2019-02-20,PYG,UYU,buy,0.005383
2019-02-20,PYG,UYU,sell,0.005383
2019-02-20,RUB,UYU,buy,0.498072
2019-02-20,RUB,UYU,sell,0.498072
2019-02-20,SEK,UYU,buy,3.50793
2019-02-20,SEK,UYU,sell,3.50793
2019-02-20,TRY,UYU,buy,6.137525
2019-02-20,TRY,UYU,sell,6.137525
2019-02-20,USD,UYU,buy,32.675
2019-02-20,USD,UYU,sell,32.675
2019-02-20,VES,UYU,buy,0.009914
2019-02-20,VES,UYU,sell,0.009914
2019-02-20,XDR,UYU,buy,45.445325
2019-02-20,XDR,UYU,sell,45.445325
2019-02-20,ZAR,UYU,buy,2.336641
2019-02-20,ZAR,UYU,sell,2.336641
2019-02-21,ARS,UYU,buy,0.827495
2019-02-21,ARS,UYU,sell,0.827495
2019-02-21,AUD,UYU,buy,23.162878
2019-02-21,AUD,UYU,sell,23.162878
2019-02-21,BRL,UYU,buy,8.712062
2019-02-21,BRL,UYU,sell,8.712062
2019-02-21,CAD,UYU,buy,24.767349
2019-02-21,CAD,UYU,sell,24.767349
2019-02-21,CHF,UYU,buy,32.6486
2019-02-21,CHF,UYU,sell,32.6486
2019-02-21,CLP,UYU,buy,0.050006
2019-02-21,CLP,UYU,sell,0.050006
2019-02-21,CNY,UYU,buy,4.8656
2019-02-21,CNY,UYU,sell,4.8656
2019-02-21,COP,UYU,buy,0.01047
2019-02-21,COP,UYU,sell,0.01047
2019-02-21,DKK,UYU,buy,4.96618
2019-02-21,DKK,UYU,sell,4.96618
2019-02-21,EUR,UYU,buy,37.056026
2019-02-21,EUR,UYU,sell,37.056026
2019-02-21,GBP,UYU,buy,42.634546
2019-02-21,GBP,UYU,sell,42.634546
2019-02-21,HKD,UYU,buy,4.168318
2019-02-21,HKD,UYU,sell,4.168318
2019-02-21,HUF,UYU,buy,0.116609
2019-02-21,HUF,UYU,sell,0.116609
2019-02-21,INR,UYU,buy,0.459146
2019-02-21,INR,UYU,sell,0.459146
2019-02-21,ISK,UYU,buy,0.273155
2019-02-21,ISK,UYU,sell,0.273155
2019-02-21,JPY,UYU,buy,0.295274
2019-02-21,JPY,UYU,sell,0.295274
2019-02-21,KRW,UYU,buy,0.029067
2019-02-21,KRW,UYU,sell,0.029067
2019-02-21,MXN,UYU,buy,1.695795
2019-02-21,MXN,UYU,sell,1.695795
2019-02-21,MYR,UYU,buy,8.022319
2019-02-21,MYR,UYU,sell,8.022319
2019-02-21,NOK,UYU,buy,3.790217
2019-02-21,NOK,UYU,sell,3.790217
2019-02-21,NZD,UYU,buy,22.26011
2019-02-21,NZD,UYU,sell,22.26011
2019-02-21,PEN,UYU,buy,9.869945
2019-02-21,PEN,UYU,sell,9.869945
2019-02-21,PYG,UYU,buy,0.005384
2019-02-21,PYG,UYU,sell,0.005384
2019-02-21,RUB,UYU,buy,0.498881
2019-02-21,RUB,UYU,sell,0.498881
2019-02-21,SEK,UYU,buy,3.492499
2019-02-21,SEK,UYU,sell,3.492499
2019-02-21,TRY,UYU,buy,6.148019
2019-02-21,TRY,UYU,sell,6.148019
2019-02-21,USD,UYU,buy,32.725
2019-02-21,USD,UYU,sell,32.725
2019-02-21,VES,UYU,buy,0.009928
2019-02-21,VES,UYU,sell,0.009928
2019-02-21,XDR,UYU,buy,45.550226
2019-02-21,XDR,UYU,sell,45.550226
2019-02-21,ZAR,UYU,buy,2.332533
2019-02-21,ZAR,UYU,sell,2.332533
2019-02-22,ARS,UYU,buy,0.833295
2019-02-22,ARS,UYU,sell,0.833295
2019-02-22,AUD,UYU,buy,23.317607
2019-02-22,AUD,UYU,sell,23.317607
2019-02-22,BRL,UYU,buy,8.739397
2019-02-22,BRL,UYU,sell,8.739397
2019-02-22,CAD,UYU,buy,24.854458
2019-02-22,CAD,UYU,sell,24.854458
2019-02-22,CHF,UYU,buy,32.671435
2019-02-22,CHF,UYU,sell,32.671435
2019-02-22,CLP,UYU,buy,0.050165
2019-02-22,CLP,UYU,sell,0.050165
2019-02-22,CNY,UYU,buy,4.864679
2019-02-22,CNY,UYU,sell,4.864679
2019-02-22,COP,UYU,buy,0.010515
2019-02-22,COP,UYU,sell,0.010515
2019-02-22,DKK,UYU,buy,4.964695
2019-02-22,DKK,UYU,sell,4.964695
2019-02-22,EUR,UYU,buy,37.047871
2019-02-22,EUR,UYU,sell,37.047871
2019-02-22,GBP,UYU,buy,42.678455
2019-02-22,GBP,UYU,sell,42.678455
2019-02-22,HKD,UYU,buy,4.161437
2019-02-22,HKD,UYU,sell,4.161437
2019-02-22,HUF,UYU,buy,0.116584
2019-02-22,HUF,UYU,sell,0.116584
2019-02-22,INR,UYU,buy,0.459087
2019-02-22,INR,UYU,sell,0.459087
2019-02-22,ISK,UYU,buy,0.272997
2019-02-22,ISK,UYU,sell,0.272997
2019-02-22,JPY,UYU,buy,0.295191
2019-02-22,JPY,UYU,sell,0.295191
2019-02-22,KRW,UYU,buy,0.029025
2019-02-22,KRW,UYU,sell,0.029025
2019-02-22,MXN,UYU,buy,1.708847
2019-02-22,MXN,UYU,sell,1.708847
2019-02-22,MYR,UYU,buy,8.00981
2019-02-22,MYR,UYU,sell,8.00981
2019-02-22,NOK,UYU,buy,3.797608
2019-02-22,NOK,UYU,sell,3.797608
2019-02-22,NZD,UYU,buy,22.370467
2019-02-22,NZD,UYU,sell,22.370467
2019-02-22,PEN,UYU,buy,9.877812
2019-02-22,PEN,UYU,sell,9.877812
2019-02-22,PYG,UYU,buy,0.005358
2019-02-22,PYG,UYU,sell,0.005358
2019-02-22,RUB,UYU,buy,0.499525
2019-02-22,RUB,UYU,sell,0.499525
2019-02-22,SEK,UYU,buy,3.496376
2019-02-22,SEK,UYU,sell,3.496376
2019-02-22,TRY,UYU,buy,6.142965
2019-02-22,TRY,UYU,sell,6.142965
2019-02-22,USD,UYU,buy,32.676
2019-02-22,USD,UYU,sell,32.676
2019-02-22,VES,UYU,buy,0.009913
2019-02-22,VES,UYU,sell,0.009913
2019-02-22,XDR,UYU,buy,45.449003
2019-02-22,XDR,UYU,sell,45.449003
2019-02-22,ZAR,UYU,buy,2.336679
2019-02-22,ZAR,UYU,sell,2.336679
2019-02-25,ARS,UYU,buy,0.836283
2019-02-25,ARS,UYU,sell,0.836283
2019-02-25,AUD,UYU,buy,23.420438
2019-02-25,AUD,UYU,sell,23.420438
2019-02-25,BRL,UYU,buy,8.73126
2019-02-25,BRL,UYU,sell,8.73126
2019-02-25,CAD,UYU,buy,24.77817
2019-02-25,CAD,UYU,sell,24.77817
2019-02-25,CHF,UYU,buy,32.626056
2019-02-25,CHF,UYU,sell,32.626056
2019-02-25,CLP,UYU,buy,0.050248
2019-02-25,CLP,UYU,sell,0.050248
2019-02-25,CNY,UYU,buy,4.880178
2019-02-25,CNY,UYU,sell,4.880178
2019-02-25,COP,UYU,buy,0.010509
2019-02-25,COP,UYU,sell,0.010509
2019-02-25,DKK,UYU,buy,4.968003
2019-02-25,DKK,UYU,sell,4.968003
2019-02-25,EUR,UYU,buy,37.068894
2019-02-25,EUR,UYU,sell,37.068894
2019-02-25,GBP,UYU,buy,42.709777
2019-02-25,GBP,UYU,sell,42.709777
2019-02-25,HKD,UYU,buy,4.159213
2019-02-25,HKD,UYU,sell,4.159213
2019-02-25,HUF,UYU,buy,0.116575
2019-02-25,HUF,UYU,sell,0.116575
2019-02-25,INR,UYU,buy,0.459896
2019-02-25,INR,UYU,sell,0.459896
2019-02-25,ISK,UYU,buy,0.272305
2019-02-25,ISK,UYU,sell,0.272305
2019-02-25,JPY,UYU,buy,0.293812
2019-02-25,JPY,UYU,sell,0.293812
2019-02-25,KRW,UYU,buy,0.02912
2019-02-25,KRW,UYU,sell,0.02912
2019-02-25,MXN,UYU,buy,1.705534
2019-02-25,MXN,UYU,sell,1.705534
2019-02-25,MYR,UYU,buy,8.026555
2019-02-25,MYR,UYU,sell,8.026555
2019-02-25,NOK,UYU,buy,3.796013
2019-02-25,NOK,UYU,sell,3.796013
2019-02-25,NZD,UYU,buy,22.467233
2019-02-25,NZD,UYU,sell,22.467233
2019-02-25,PEN,UYU,buy,9.877155
2019-02-25,PEN,UYU,sell,9.877155
2019-02-25,PYG,UYU,buy,0.005364
2019-02-25,PYG,UYU,sell,0.005364
2019-02-25,RUB,UYU,buy,0.498076
2019-02-25,RUB,UYU,sell,0.498076
2019-02-25,SEK,UYU,buy,3.503609
2019-02-25,SEK,UYU,sell,3.503609
2019-02-25,TRY,UYU,buy,6.161105
2019-02-25,TRY,UYU,sell,6.161105
2019-02-25,USD,UYU,buy,32.66
2019-02-25,USD,UYU,sell,32.66
2019-02-25,VES,UYU,buy,0.009906
2019-02-25,VES,UYU,sell,0.009906
2019-02-25,XDR,UYU,buy,45.511612
2019-02-25,XDR,UYU,sell,45.511612
2019-02-25,ZAR,UYU,buy,2.361042
2019-02-25,ZAR,UYU,sell,2.361042
2019-02-26,ARS,UYU,buy,0.839776
2019-02-26,ARS,UYU,sell,0.839776
2019-02-26,AUD,UYU,buy,23.42912
2019-02-26,AUD,UYU,sell,23.42912
2019-02-26,BRL,UYU,buy,8.699835
2019-02-26,BRL,UYU,sell,8.699835
2019-02-26,CAD,UYU,buy,24.756019
2019-02-26,CAD,UYU,sell,24.756019
2019-02-26,CHF,UYU,buy,32.63884
2019-02-26,CHF,UYU,sell,32.63884
2019-02-26,CLP,UYU,buy,0.050305
2019-02-26,CLP,UYU,sell,0.050305
2019-02-26,CNY,UYU,buy,4.872541
2019-02-26,CNY,UYU,sell,4.872541
2019-02-26,COP,UYU,buy,0.010585
2019-02-26,COP,UYU,sell,0.010585
2019-02-26,DKK,UYU,buy,4.979106
2019-02-26,DKK,UYU,sell,4.979106
2019-02-26,EUR,UYU,buy,37.152286
2019-02-26,EUR,UYU,sell,37.152286
2019-02-26,GBP,UYU,buy,43.28829
2019-02-26,GBP,UYU,sell,43.28829
2019-02-26,HKD,UYU,buy,4.159516
2019-02-26,HKD,UYU,sell,4.159516
2019-02-26,HUF,UYU,buy,0.117348
2019-02-26,HUF,UYU,sell,0.117348
2019-02-26,INR,UYU,buy,0.459364
2019-02-26,INR,UYU,sell,0.459364
2019-02-26,ISK,UYU,buy,0.272945
2019-02-26,ISK,UYU,sell,0.272945
2019-02-26,JPY,UYU,buy,0.294954
2019-02-26,JPY,UYU,sell,0.294954
2019-02-26,KRW,UYU,buy,0.029184
2019-02-26,KRW,UYU,sell,0.029184
2019-02-26,MXN,UYU,buy,1.702382
2019-02-26,MXN,UYU,sell,1.702382
2019-02-26,MYR,UYU,buy,8.018421
2019-02-26,MYR,UYU,sell,8.018421
2019-02-26,NOK,UYU,buy,3.806453
2019-02-26,NOK,UYU,sell,3.806453
2019-02-26,NZD,UYU,buy,22.482357
2019-02-26,NZD,UYU,sell,22.482357
2019-02-26,PEN,UYU,buy,9.882548
2019-02-26,PEN,UYU,sell,9.882548
2019-02-26,PYG,UYU,buy,0.005359
2019-02-26,PYG,UYU,sell,0.005359
2019-02-26,RUB,UYU,buy,0.495897
2019-02-26,RUB,UYU,sell,0.495897
2019-02-26,SEK,UYU,buy,3.511941
2019-02-26,SEK,UYU,sell,3.511941
2019-02-26,TRY,UYU,buy,6.149311
2019-02-26,TRY,UYU,sell,6.149311
2019-02-26,USD,UYU,buy,32.663
2019-02-26,USD,UYU,sell,32.663
2019-02-26,VES,UYU,buy,0.009906
2019-02-26,VES,UYU,sell,0.009906
2019-02-26,XDR,UYU,buy,45.538974
2019-02-26,XDR,UYU,sell,45.538974
2019-02-26,ZAR,UYU,buy,2.355101
2019-02-26,ZAR,UYU,sell,2.355101
2019-02-27,ARS,UYU,buy,0.842001
2019-02-27,ARS,UYU,sell,0.842001
2019-02-27,AUD,UYU,buy,23.305668
2019-02-27,AUD,UYU,sell,23.305668
2019-02-27,BRL,UYU,buy,8.760512
2019-02-27,BRL,UYU,sell,8.760512
2019-02-27,CAD,UYU,buy,24.835165
2019-02-27,CAD,UYU,sell,24.835165
2019-02-27,CHF,UYU,buy,32.61623
2019-02-27,CHF,UYU,sell,32.61623
2019-02-27,CLP,UYU,buy,0.050181
2019-02-27,CLP,UYU,sell,0.050181
2019-02-27,CNY,UYU,buy,4.883508
2019-02-27,CNY,UYU,sell,4.883508
2019-02-27,COP,UYU,buy,0.010632
2019-02-27,COP,UYU,sell,0.010632
2019-02-27,DKK,UYU,buy,4.976039
2019-02-27,DKK,UYU,sell,4.976039
2019-02-27,EUR,UYU,buy,37.127743
2019-02-27,EUR,UYU,sell,37.127743
2019-02-27,GBP,UYU,buy,43.438709
2019-02-27,GBP,UYU,sell,43.438709
2019-02-27,HKD,UYU,buy,4.160392
2019-02-27,HKD,UYU,sell,4.160392
2019-02-27,HUF,UYU,buy,0.117359
2019-02-27,HUF,UYU,sell,0.117359
2019-02-27,INR,UYU,buy,0.458408
2019-02-27,INR,UYU,sell,0.458408
2019-02-27,ISK,UYU,buy,0.27288
2019-02-27,ISK,UYU,sell,0.27288
2019-02-27,JPY,UYU,buy,0.29422
2019-02-27,JPY,UYU,sell,0.29422
2019-02-27,KRW,UYU,buy,0.029188
2019-02-27,KRW,UYU,sell,0.029188
2019-02-27,MXN,UYU,buy,1.701492
2019-02-27,MXN,UYU,sell,1.701492
2019-02-27,MYR,UYU,buy,8.033702
2019-02-27,MYR,UYU,sell,8.033702
2019-02-27,NOK,UYU,buy,3.820828
2019-02-27,NOK,UYU,sell,3.820828
2019-02-27,NZD,UYU,buy,22.335755
2019-02-27,NZD,UYU,sell,22.335755
2019-02-27,PEN,UYU,buy,9.906567
2019-02-27,PEN,UYU,sell,9.906567
2019-02-27,PYG,UYU,buy,0.005342
2019-02-27,PYG,UYU,sell,0.005342
2019-02-27,RUB,UYU,buy,0.496512
2019-02-27,RUB,UYU,sell,0.496512
2019-02-27,SEK,UYU,buy,3.521749
2019-02-27,SEK,UYU,sell,3.521749
2019-02-27,TRY,UYU,buy,6.14506
2019-02-27,TRY,UYU,sell,6.14506
2019-02-27,USD,UYU,buy,32.673
2019-02-27,USD,UYU,sell,32.673
2019-02-27,VES,UYU,buy,0.009903
2019-02-27,VES,UYU,sell,0.009903
2019-02-27,XDR,UYU,buy,45.645015
2019-02-27,XDR,UYU,sell,45.645015
2019-02-27,ZAR,UYU,buy,2.344701
2019-02-27,ZAR,UYU,sell,2.344701
2019-02-28,ARS,UYU,buy,0.834305
2019-02-28,ARS,UYU,sell,0.834305
2019-02-28,AUD,UYU,buy,23.165885
2019-02-28,AUD,UYU,sell,23.165885
2019-02-28,BRL,UYU,buy,8.719722
2019-02-28,BRL,UYU,sell,8.719722
2019-02-28,CAD,UYU,buy,24.813619
2019-02-28,CAD,UYU,sell,24.813619
2019-02-28,CHF,UYU,buy,32.72463
2019-02-28,CHF,UYU,sell,32.72463
2019-02-28,CLP,UYU,buy,0.049877
2019-02-28,CLP,UYU,sell,0.049877
2019-02-28,CNY,UYU,buy,4.877578
2019-02-28,CNY,UYU,sell,4.877578
2019-02-28,COP,UYU,buy,0.010601
2019-02-28,COP,UYU,sell,0.010601
2019-02-28,DKK,UYU,buy,4.979678
2019-02-28,DKK,UYU,sell,4.979678
2019-02-28,EUR,UYU,buy,37.153572
2019-02-28,EUR,UYU,sell,37.153572
2019-02-28,GBP,UYU,buy,43.308286
2019-02-28,GBP,UYU,sell,43.308286
2019-02-28,HKD,UYU,buy,4.159416
2019-02-28,HKD,UYU,sell,4.159416
2019-02-28,HUF,UYU,buy,0.117627
2019-02-28,HUF,UYU,sell,0.117627
2019-02-28,INR,UYU,buy,0.461523
2019-02-28,INR,UYU,sell,0.461523
2019-02-28,ISK,UYU,buy,0.27386
2019-02-28,ISK,UYU,sell,0.27386
2019-02-28,JPY,UYU,buy,0.293215
2019-02-28,JPY,UYU,sell,0.293215
2019-02-28,KRW,UYU,buy,0.029038
2019-02-28,KRW,UYU,sell,0.029038
2019-02-28,MXN,UYU,buy,1.695196
2019-02-28,MXN,UYU,sell,1.695196
2019-02-28,MYR,UYU,buy,8.030745
2019-02-28,MYR,UYU,sell,8.030745
2019-02-28,NOK,UYU,buy,3.817446
2019-02-28,NOK,UYU,sell,3.817446
2019-02-28,NZD,UYU,buy,22.227168
2019-02-28,NZD,UYU,sell,22.227168
2019-02-28,PEN,UYU,buy,9.897991
2019-02-28,PEN,UYU,sell,9.897991
2019-02-28,PYG,UYU,buy,0.005362
2019-02-28,PYG,UYU,sell,0.005362
2019-02-28,RUB,UYU,buy,0.495414
2019-02-28,RUB,UYU,sell,0.495414
2019-02-28,SEK,UYU,buy,3.537831
2019-02-28,SEK,UYU,sell,3.537831
2019-02-28,TRY,UYU,buy,6.12233
2019-02-28,TRY,UYU,sell,6.12233
2019-02-28,USD,UYU,buy,32.667
2019-02-28,USD,UYU,sell,32.667
2019-02-28,VES,UYU,buy,0.009912
2019-02-28,VES,UYU,sell,0.009912
2019-02-28,XDR,UYU,buy,45.645445
2019-02-28,XDR,UYU,sell,45.645445
2019-02-28,ZAR,UYU,buy,2.322328
2019-02-28,ZAR,UYU,sell,2.322328
2019-03-01,ARS,UYU,buy,0.819665
2019-03-01,ARS,UYU,sell,0.819665
2019-03-01,AUD,UYU,buy,23.102051
2019-03-01,AUD,UYU,sell,23.102051
2019-03-01,BRL,UYU,buy,8.642384
2019-03-01,BRL,UYU,sell,8.642384
2019-03-01,CAD,UYU,buy,24.570246
2019-03-01,CAD,UYU,sell,24.570246
2019-03-01,CHF,UYU,buy,32.674704
2019-03-01,CHF,UYU,sell,32.674704
2019-03-01,CLP,UYU,buy,0.049584
2019-03-01,CLP,UYU,sell,0.049584
2019-03-01,CNY,UYU,buy,4.869974
2019-03-01,CNY,UYU,sell,4.869974
2019-03-01,COP,UYU,buy,0.010547
2019-03-01,COP,UYU,sell,0.010547
2019-03-01,DKK,UYU,buy,4.973276
2019-03-01,DKK,UYU,sell,4.973276
2019-03-01,EUR,UYU,buy,37.108292
2019-03-01,EUR,UYU,sell,37.108292
2019-03-01,GBP,UYU,buy,43.106301
2019-03-01,GBP,UYU,sell,43.106301
2019-03-01,HKD,UYU,buy,4.161252
2019-03-01,HKD,UYU,sell,4.161252
2019-03-01,HUF,UYU,buy,0.117391
2019-03-01,HUF,UYU,sell,0.117391
2019-03-01,INR,UYU,buy,0.460576
2019-03-01,INR,UYU,sell,0.460576
2019-03-01,ISK,UYU,buy,0.273111
2019-03-01,ISK,UYU,sell,0.273111
2019-03-01,JPY,UYU,buy,0.291672
2019-03-01,JPY,UYU,sell,0.291672
2019-03-01,KRW,UYU,buy,0.029034
2019-03-01,KRW,UYU,sell,0.029034
2019-03-01,MXN,UYU,buy,1.692895
2019-03-01,MXN,UYU,sell,1.692895
2019-03-01,MYR,UYU,buy,8.016199
2019-03-01,MYR,UYU,sell,8.016199
2019-03-01,NOK,UYU,buy,3.804044
2019-03-01,NOK,UYU,sell,3.804044
2019-03-01,NZD,UYU,buy,22.213699
2019-03-01,NZD,UYU,sell,22.213699
2019-03-01,PEN,UYU,buy,9.871095
2019-03-01,PEN,UYU,sell,9.871095
2019-03-01,PYG,UYU,buy,0.005376
2019-03-01,PYG,UYU,sell,0.005376
2019-03-01,RUB,UYU,buy,0.495572
2019-03-01,RUB,UYU,sell,0.495572
2019-03-01,SEK,UYU,buy,3.522433
2019-03-01,SEK,UYU,sell,3.522433
2019-03-01,TRY,UYU,buy,6.074809
2019-03-01,TRY,UYU,sell,6.074809
2019-03-01,USD,UYU,buy,32.676
2019-03-01,USD,UYU,sell,32.676
2019-03-01,VES,UYU,buy,0.009914
2019-03-01,VES,UYU,sell,0.009914
2019-03-01,XDR,UYU,buy,45.543717
2019-03-01,XDR,UYU,sell,45.543717
2019-03-01,ZAR,UYU,buy,2.296127
2019-03-01,ZAR,UYU,sell,2.296127
2019-03-06,ARS,UYU,buy,0.802357
2019-03-06,ARS,UYU,sell,0.802357
2019-03-06,AUD,UYU,buy,22.954203
2019-03-06,AUD,UYU,sell,22.954203
2019-03-06,BRL,UYU,buy,8.536726
2019-03-06,BRL,UYU,sell,8.536726
2019-03-06,CAD,UYU,buy,24.32873
2019-03-06,CAD,UYU,sell,24.32873
2019-03-06,CHF,UYU,buy,32.521021
2019-03-06,CHF,UYU,sell,32.521021
2019-03-06,CLP,UYU,buy,0.049587
2019-03-06,CLP,UYU,sell,0.049587
2019-03-06,CNY,UYU,buy,4.869769
2019-03-06,CNY,UYU,sell,4.869769
2019-03-06,COP,UYU,buy,0.010521
2019-03-06,COP,UYU,sell,0.010521
2019-03-06,DKK,UYU,buy,4.951931
2019-03-06,DKK,UYU,sell,4.951931
2019-03-06,EUR,UYU,buy,36.945366
2019-03-06,EUR,UYU,sell,36.945366
2019-03-06,GBP,UYU,buy,43.027487
2019-03-06,GBP,UYU,sell,43.027487
2019-03-06,HKD,UYU,buy,4.163445
2019-03-06,HKD,UYU,sell,4.163445
2019-03-06,HUF,UYU,buy,0.117114
2019-03-06,HUF,UYU,sell,0.117114
2019-03-06,INR,UYU,buy,0.465034
2019-03-06,INR,UYU,sell,0.465034
2019-03-06,ISK,UYU,buy,0.27011
2019-03-06,ISK,UYU,sell,0.27011
2019-03-06,JPY,UYU,buy,0.292377
2019-03-06,JPY,UYU,sell,0.292377
2019-03-06,KRW,UYU,buy,0.02895
2019-03-06,KRW,UYU,sell,0.02895
2019-03-06,MXN,UYU,buy,1.686856
2019-03-06,MXN,UYU,sell,1.686856
2019-03-06,MYR,UYU,buy,7.98778
2019-03-06,MYR,UYU,sell,7.98778
2019-03-06,NOK,UYU,buy,3.768203
2019-03-06,NOK,UYU,sell,3.768203
2019-03-06,NZD,UYU,buy,22.12408
2019-03-06,NZD,UYU,sell,22.12408
2019-03-06,PEN,UYU,buy,9.881179
2019-03-06,PEN,UYU,sell,9.881179
2019-03-06,PYG,UYU,buy,0.005366
2019-03-06,PYG,UYU,sell,0.005366
2019-03-06,RUB,UYU,buy,0.495366
2019-03-06,RUB,UYU,sell,0.495366
2019-03-06,SEK,UYU,buy,3.513872
2019-03-06,SEK,UYU,sell,3.513872
2019-03-06,TRY,UYU,buy,6.01823
2019-03-06,TRY,UYU,sell,6.01823
2019-03-06,USD,UYU,buy,32.698
2019-03-06,USD,UYU,sell,32.698
2019-03-06,VES,UYU,buy,0.009909
2019-03-06,VES,UYU,sell,0.009909
2019-03-06,XDR,UYU,buy,45.438765
2019-03-06,XDR,UYU,sell,45.438765
2019-03-06,ZAR,UYU,buy,2.290645
2019-03-06,ZAR,UYU,sell,2.290645
2019-03-07,ARS,UYU,buy,0.777573
2019-03-07,ARS,UYU,sell,0.777573
2019-03-07,AUD,UYU,buy,23.125576
2019-03-07,AUD,UYU,sell,23.125576
2019-03-07,BRL,UYU,buy,8.464703
2019-03-07,BRL,UYU,sell,8.464703
2019-03-07,CAD,UYU,buy,24.475748
2019-03-07,CAD,UYU,sell,24.475748
2019-03-07,CHF,UYU,buy,32.57581
2019-03-07,CHF,UYU,sell,32.57581
2019-03-07,CLP,UYU,buy,0.049453
2019-03-07,CLP,UYU,sell,0.049453
2019-03-07,CNY,UYU,buy,4.903423
2019-03-07,CNY,UYU,sell,4.903423
2019-03-07,COP,UYU,buy,0.010476
2019-03-07,COP,UYU,sell,0.010476
2019-03-07,DKK,UYU,buy,4.951167
2019-03-07,DKK,UYU,sell,4.951167
2019-03-07,EUR,UYU,buy,36.93474
2019-03-07,EUR,UYU,sell,36.93474
2019-03-07,GBP,UYU,buy,43.106719
2019-03-07,GBP,UYU,sell,43.106719
2019-03-07,HKD,UYU,buy,4.194448
2019-03-07,HKD,UYU,sell,4.194448
2019-03-07,HUF,UYU,buy,0.116843
2019-03-07,HUF,UYU,sell,0.116843
2019-03-07,INR,UYU,buy,0.470338
2019-03-07,INR,UYU,sell,0.470338
2019-03-07,ISK,UYU,buy,0.270839
2019-03-07,ISK,UYU,sell,0.270839
2019-03-07,JPY,UYU,buy,0.295181
2019-03-07,JPY,UYU,sell,0.295181
2019-03-07,KRW,UYU,buy,0.029164
2019-03-07,KRW,UYU,sell,0.029164
2019-03-07,MXN,UYU,buy,1.680961
2019-03-07,MXN,UYU,sell,1.680961
2019-03-07,MYR,UYU,buy,8.056276
2019-03-07,MYR,UYU,sell,8.056276
2019-03-07,NOK,UYU,buy,3.760479
2019-03-07,NOK,UYU,sell,3.760479
2019-03-07,NZD,UYU,buy,22.253037
2019-03-07,NZD,UYU,sell,22.253037
2019-03-07,PEN,UYU,buy,9.939924
2019-03-07,PEN,UYU,sell,9.939924
2019-03-07,PYG,UYU,buy,0.005412
2019-03-07,PYG,UYU,sell,0.005412
2019-03-07,RUB,UYU,buy,0.49733
2019-03-07,RUB,UYU,sell,0.49733
2019-03-07,SEK,UYU,buy,3.490882
2019-03-07,SEK,UYU,sell,3.490882
2019-03-07,TRY,UYU,buy,6.029905
2019-03-07,TRY,UYU,sell,6.029905
2019-03-07,USD,UYU,buy,32.942
2019-03-07,USD,UYU,sell,32.942
2019-03-07,VES,UYU,buy,0.009993
2019-03-07,VES,UYU,sell,0.009993
2019-03-07,XDR,UYU,buy,45.793481
2019-03-07,XDR,UYU,sell,45.793481
2019-03-07,ZAR,UYU,buy,2.269452
2019-03-07,ZAR,UYU,sell,2.269452
2019-03-08,ARS,UYU,buy,0.802895
2019-03-08,ARS,UYU,sell,0.802895
2019-03-08,AUD,UYU,buy,23.304673
2019-03-08,AUD,UYU,sell,23.304673
2019-03-08,BRL,UYU,buy,8.542716
2019-03-08,BRL,UYU,sell,8.542716
2019-03-08,CAD,UYU,buy,24.648181
2019-03-08,CAD,UYU,sell,24.648181
2019-03-08,CHF,UYU,buy,32.833242
2019-03-08,CHF,UYU,sell,32.833242
2019-03-08,CLP,UYU,buy,0.049237
2019-03-08,CLP,UYU,sell,0.049237
2019-03-08,CNY,UYU,buy,4.919808
2019-03-08,CNY,UYU,sell,4.919808
2019-03-08,COP,UYU,buy,0.010418
2019-03-08,COP,UYU,sell,0.010418
2019-03-08,DKK,UYU,buy,4.982372
2019-03-08,DKK,UYU,sell,4.982372
2019-03-08,EUR,UYU,buy,37.170085
2019-03-08,EUR,UYU,sell,37.170085
2019-03-08,GBP,UYU,buy,42.999974
2019-03-08,GBP,UYU,sell,42.999974
2019-03-08,HKD,UYU,buy,4.212511
2019-03-08,HKD,UYU,sell,4.212511
2019-03-08,HUF,UYU,buy,0.117784
2019-03-08,HUF,UYU,sell,0.117784
2019-03-08,INR,UYU,buy,0.471381
2019-03-08,INR,UYU,sell,0.471381
2019-03-08,ISK,UYU,buy,0.272467
2019-03-08,ISK,UYU,sell,0.272467
2019-03-08,JPY,UYU,buy,0.297655
2019-03-08,JPY,UYU,sell,0.297655
2019-03-08,KRW,UYU,buy,0.029104
2019-03-08,KRW,UYU,sell,0.029104
2019-03-08,MXN,UYU,buy,1.697806
2019-03-08,MXN,UYU,sell,1.697806
2019-03-08,MYR,UYU,buy,8.08558
2019-03-08,MYR,UYU,sell,8.08558
2019-03-08,NOK,UYU,buy,3.777063
2019-03-08,NOK,UYU,sell,3.777063
2019-03-08,NZD,UYU,buy,22.507734
2019-03-08,NZD,UYU,sell,22.507734
2019-03-08,PEN,UYU,buy,9.978575
2019-03-08,PEN,UYU,sell,9.978575
2019-03-08,PYG,UYU,buy,0.00543
2019-03-08,PYG,UYU,sell,0.00543
2019-03-08,RUB,UYU,buy,0.498231
2019-03-08,RUB,UYU,sell,0.498231
2019-03-08,SEK,UYU,buy,3.507146
2019-03-08,SEK,UYU,sell,3.507146
2019-03-08,TRY,UYU,buy,6.067856
2019-03-08,TRY,UYU,sell,6.067856
2019-03-08,USD,UYU,buy,33.085
2019-03-08,USD,UYU,sell,33.085
2019-03-08,VES,UYU,buy,0.010036
2019-03-08,VES,UYU,sell,0.010036
2019-03-08,XDR,UYU,buy,45.85738
2019-03-08,XDR,UYU,sell,45.85738
2019-03-08,ZAR,UYU,buy,2.289227
2019-03-08,ZAR,UYU,sell,2.289227
2019-03-11,ARS,UYU,buy,0.801197
2019-03-11,ARS,UYU,sell,0.801197
2019-03-11,AUD,UYU,buy,23.332801
2019-03-11,AUD,UYU,sell,23.332801
2019-03-11,BRL,UYU,buy,8.607842
2019-03-11,BRL,UYU,sell,8.607842
2019-03-11,CAD,UYU,buy,24.651232
2019-03-11,CAD,UYU,sell,24.651232
2019-03-11,CHF,UYU,buy,32.693201
2019-03-11,CHF,UYU,sell,32.693201
2019-03-11,CLP,UYU,buy,0.049299
2019-03-11,CLP,UYU,sell,0.049299
2019-03-11,CNY,UYU,buy,4.915037
2019-03-11,CNY,UYU,sell,4.915037
2019-03-11,COP,UYU,buy,0.010399
2019-03-11,COP,UYU,sell,0.010399
2019-03-11,DKK,UYU,buy,4.981204
2019-03-11,DKK,UYU,sell,4.981204
2019-03-11,EUR,UYU,buy,37.15891
2019-03-11,EUR,UYU,sell,37.15891
2019-03-11,GBP,UYU,buy,43.392563
2019-03-11,GBP,UYU,sell,43.392563
2019-03-11,HKD,UYU,buy,4.211646
2019-03-11,HKD,UYU,sell,4.211646
2019-03-11,HUF,UYU,buy,0.117707
2019-03-11,HUF,UYU,sell,0.117707
2019-03-11,INR,UYU,buy,0.473069
2019-03-11,INR,UYU,sell,0.473069
2019-03-11,ISK,UYU,buy,0.272398
2019-03-11,ISK,UYU,sell,0.272398
2019-03-11,JPY,UYU,buy,0.29719
2019-03-11,JPY,UYU,sell,0.29719
2019-03-11,KRW,UYU,buy,0.029164
2019-03-11,KRW,UYU,sell,0.029164
2019-03-11,MXN,UYU,buy,1.704804
2019-03-11,MXN,UYU,sell,1.704804
2019-03-11,MYR,UYU,buy,8.08288
2019-03-11,MYR,UYU,sell,8.08288
2019-03-11,NOK,UYU,buy,3.81388
2019-03-11,NOK,UYU,sell,3.81388
2019-03-11,NZD,UYU,buy,22.549255
2019-03-11,NZD,UYU,sell,22.549255
2019-03-11,PEN,UYU,buy,9.995162
2019-03-11,PEN,UYU,sell,9.995162
2019-03-11,PYG,UYU,buy,0.00542
2019-03-11,PYG,UYU,sell,0.00542
2019-03-11,RUB,UYU,buy,0.501189
2019-03-11,RUB,UYU,sell,0.501189
2019-03-11,SEK,UYU,buy,3.519992
2019-03-11,SEK,UYU,sell,3.519992
2019-03-11,TRY,UYU,buy,6.069746
2019-03-11,TRY,UYU,sell,6.069746
2019-03-11,USD,UYU,buy,33.078
2019-03-11,USD,UYU,sell,33.078
2019-03-11,VES,UYU,buy,0.010032
2019-03-11,VES,UYU,sell,0.010032
2019-03-11,XDR,UYU,buy,45.870154
2019-03-11,XDR,UYU,sell,45.870154
2019-03-11,ZAR,UYU,buy,2.30571
2019-03-11,ZAR,UYU,sell,2.30571
2019-03-12,ARS,UYU,buy,0.796847
2019-03-12,ARS,UYU,sell,0.796847
2019-03-12,AUD,UYU,buy,23.436708
2019-03-12,AUD,UYU,sell,23.436708
2019-03-12,BRL,UYU,buy,8.676731
2019-03-12,BRL,UYU,sell,8.676731
2019-03-12,CAD,UYU,buy,24.749897
2019-03-12,CAD,UYU,sell,24.749897
2019-03-12,CHF,UYU,buy,32.838918
2019-03-12,CHF,UYU,sell,32.838918
2019-03-12,CLP,UYU,buy,0.049626
2019-03-12,CLP,UYU,sell,0.049626
2019-03-12,CNY,UYU,buy,4.93061
2019-03-12,CNY,UYU,sell,4.93061
2019-03-12,COP,UYU,buy,0.010503
2019-03-12,COP,UYU,sell,0.010503
2019-03-12,DKK,UYU,buy,5.007797
2019-03-12,DKK,UYU,sell,5.007797
2019-03-12,EUR,UYU,buy,37.355509
2019-03-12,EUR,UYU,sell,37.355509
2019-03-12,GBP,UYU,buy,43.239908
2019-03-12,GBP,UYU,sell,43.239908
2019-03-12,HKD,UYU,buy,4.213657
2019-03-12,HKD,UYU,sell,4.213657
2019-03-12,HUF,UYU,buy,0.118504
2019-03-12,HUF,UYU,sell,0.118504
2019-03-12,INR,UYU,buy,0.474503
2019-03-12,INR,UYU,sell,0.474503
2019-03-12,ISK,UYU,buy,0.276251
2019-03-12,ISK,UYU,sell,0.276251
2019-03-12,JPY,UYU,buy,0.297214
2019-03-12,JPY,UYU,sell,0.297214
2019-03-12,KRW,UYU,buy,0.029278
2019-03-12,KRW,UYU,sell,0.029278
2019-03-12,MXN,UYU,buy,1.712171
2019-03-12,MXN,UYU,sell,1.712171
2019-03-12,MYR,UYU,buy,8.099663
2019-03-12,MYR,UYU,sell,8.099663
2019-03-12,NOK,UYU,buy,3.834192
2019-03-12,NOK,UYU,sell,3.834192
2019-03-12,NZD,UYU,buy,22.718937
2019-03-12,NZD,UYU,sell,22.718937
2019-03-12,PEN,UYU,buy,10.031236
2019-03-12,PEN,UYU,sell,10.031236
2019-03-12,PYG,UYU,buy,0.005429
2019-03-12,PYG,UYU,sell,0.005429
2019-03-12,RUB,UYU,buy,0.504284
2019-03-12,RUB,UYU,sell,0.504284
2019-03-12,SEK,UYU,buy,3.537004
2019-03-12,SEK,UYU,sell,3.537004
2019-03-12,TRY,UYU,buy,6.061833
2019-03-12,TRY,UYU,sell,6.061833
2019-03-12,USD,UYU,buy,33.094
2019-03-12,USD,UYU,sell,33.094
2019-03-12,VES,UYU,buy,0.010037
2019-03-12,VES,UYU,sell,0.010037
2019-03-12,XDR,UYU,buy,45.919145
2019-03-12,XDR,UYU,sell,45.919145
2019-03-12,ZAR,UYU,buy,2.305218
2019-03-12,ZAR,UYU,sell,2.305218
2019-03-13,ARS,UYU,buy,0.809205
2019-03-13,ARS,UYU,sell,0.809205
2019-03-13,AUD,UYU,buy,23.660406
2019-03-13,AUD,UYU,sell,23.660406
2019-03-13,BRL,UYU,buy,8.757393
2019-03-13,BRL,UYU,sell,8.757393
2019-03-13,CAD,UYU,buy,25.085841
2019-03-13,CAD,UYU,sell,25.085841
2019-03-13,CHF,UYU,buy,33.269892
2019-03-13,CHF,UYU,sell,33.269892
2019-03-13,CLP,UYU,buy,0.049923
2019-03-13,CLP,UYU,sell,0.049923
2019-03-13,CNY,UYU,buy,4.978008
2019-03-13,CNY,UYU,sell,4.978008
2019-03-13,COP,UYU,buy,0.010613
2019-03-13,COP,UYU,sell,0.010613
2019-03-13,DKK,UYU,buy,5.06781
2019-03-13,DKK,UYU,sell,5.06781
2019-03-13,EUR,UYU,buy,37.81024
2019-03-13,EUR,UYU,sell,37.81024
2019-03-13,GBP,UYU,buy,44.132258
2019-03-13,GBP,UYU,sell,44.132258
2019-03-13,HKD,UYU,buy,4.253248
2019-03-13,HKD,UYU,sell,4.253248
2019-03-13,HUF,UYU,buy,0.120143
2019-03-13,HUF,UYU,sell,0.120143
2019-03-13,INR,UYU,buy,0.480135
2019-03-13,INR,UYU,sell,0.480135
2019-03-13,ISK,UYU,buy,0.28096
2019-03-13,ISK,UYU,sell,0.28096
2019-03-13,JPY,UYU,buy,0.300549
2019-03-13,JPY,UYU,sell,0.300549
2019-03-13,KRW,UYU,buy,0.029476
2019-03-13,KRW,UYU,sell,0.029476
2019-03-13,MXN,UYU,buy,1.729025
2019-03-13,MXN,UYU,sell,1.729025
2019-03-13,MYR,UYU,buy,8.169817
2019-03-13,MYR,UYU,sell,8.169817
2019-03-13,NOK,UYU,buy,3.894962
2019-03-13,NOK,UYU,sell,3.894962
2019-03-13,NZD,UYU,buy,22.879127
2019-03-13,NZD,UYU,sell,22.879127
2019-03-13,PEN,UYU,buy,10.132006
2019-03-13,PEN,UYU,sell,10.132006
2019-03-13,PYG,UYU,buy,0.005469
2019-03-13,PYG,UYU,sell,0.005469
2019-03-13,RUB,UYU,buy,0.510496
2019-03-13,RUB,UYU,sell,0.510496
2019-03-13,SEK,UYU,buy,3.589934
2019-03-13,SEK,UYU,sell,3.589934
2019-03-13,TRY,UYU,buy,6.110877
2019-03-13,TRY,UYU,sell,6.110877
2019-03-13,USD,UYU,buy,33.405
2019-03-13,USD,UYU,sell,33.405
2019-03-13,VES,UYU,buy,0.010131
2019-03-13,VES,UYU,sell,0.010131
2019-03-13,XDR,UYU,buy,46.442374
2019-03-13,XDR,UYU,sell,46.442374
2019-03-13,ZAR,UYU,buy,2.313326
2019-03-13,ZAR,UYU,sell,2.313326
2019-03-14,ARS,UYU,buy,0.822271
2019-03-14,ARS,UYU,sell,0.822271
2019-03-14,AUD,UYU,buy,23.669082
2019-03-14,AUD,UYU,sell,23.669082
2019-03-14,BRL,UYU,buy,8.712915
2019-03-14,BRL,UYU,sell,8.712915
2019-03-14,CAD,UYU,buy,25.150298
2019-03-14,CAD,UYU,sell,25.150298
2019-03-14,CHF,UYU,buy,33.365528
2019-03-14,CHF,UYU,sell,33.365528
2019-03-14,CLP,UYU,buy,0.049918
2019-03-14,CLP,UYU,sell,0.049918
2019-03-14,CNY,UYU,buy,4.984233
2019-03-14,CNY,UYU,sell,4.984233
2019-03-14,COP,UYU,buy,0.010664
2019-03-14,COP,UYU,sell,0.010664
2019-03-14,DKK,UYU,buy,5.074238
2019-03-14,DKK,UYU,sell,5.074238
2019-03-14,EUR,UYU,buy,37.866845
2019-03-14,EUR,UYU,sell,37.866845
2019-03-14,GBP,UYU,buy,44.34246
2019-03-14,GBP,UYU,sell,44.34246
2019-03-14,HKD,UYU,buy,4.26869
2019-03-14,HKD,UYU,sell,4.26869
2019-03-14,HUF,UYU,buy,0.120462
2019-03-14,HUF,UYU,sell,0.120462
2019-03-14,INR,UYU,buy,0.483161
2019-03-14,INR,UYU,sell,0.483161
2019-03-14,ISK,UYU,buy,0.28365
2019-03-14,ISK,UYU,sell,0.28365
2019-03-14,JPY,UYU,buy,0.299856
2019-03-14,JPY,UYU,sell,0.299856
2019-03-14,KRW,UYU,buy,0.029526
2019-03-14,KRW,UYU,sell,0.029526
2019-03-14,MXN,UYU,buy,1.732179
2019-03-14,MXN,UYU,sell,1.732179
2019-03-14,MYR,UYU,buy,8.190907
2019-03-14,MYR,UYU,sell,8.190907
2019-03-14,NOK,UYU,buy,3.907026
2019-03-14,NOK,UYU,sell,3.907026
2019-03-14,NZD,UYU,buy,22.851463
2019-03-14,NZD,UYU,sell,22.851463
2019-03-14,PEN,UYU,buy,10.157782
2019-03-14,PEN,UYU,sell,10.157782
2019-03-14,PYG,UYU,buy,0.005477
2019-03-14,PYG,UYU,sell,0.005477
2019-03-14,RUB,UYU,buy,0.511266
2019-03-14,RUB,UYU,sell,0.511266
2019-03-14,SEK,UYU,buy,3.598823
2019-03-14,SEK,UYU,sell,3.598823
2019-03-14,TRY,UYU,buy,6.127752
2019-03-14,TRY,UYU,sell,6.127752
2019-03-14,USD,UYU,buy,33.526
2019-03-14,USD,UYU,sell,33.526
2019-03-14,VES,UYU,buy,0.010168
2019-03-14,VES,UYU,sell,0.010168
2019-03-14,XDR,UYU,buy,46.610014
2019-03-14,XDR,UYU,sell,46.610014
2019-03-14,ZAR,UYU,buy,2.307051
2019-03-14,ZAR,UYU,sell,2.307051
2019-03-15,ARS,UYU,buy,0.836503
2019-03-15,ARS,UYU,sell,0.836503
2019-03-15,AUD,UYU,buy,23.696944
2019-03-15,AUD,UYU,sell,23.696944
2019-03-15,BRL,UYU,buy,8.766265
2019-03-15,BRL,UYU,sell,8.766265
2019-03-15,CAD,UYU,buy,25.063879
2019-03-15,CAD,UYU,sell,25.063879
2019-03-15,CHF,UYU,buy,33.373909
2019-03-15,CHF,UYU,sell,33.373909
2019-03-15,CLP,UYU,buy,0.050018
2019-03-15,CLP,UYU,sell,0.050018
2019-03-15,CNY,UYU,buy,4.9822
2019-03-15,CNY,UYU,sell,4.9822
2019-03-15,COP,UYU,buy,0.010723
2019-03-15,COP,UYU,sell,0.010723
2019-03-15,DKK,UYU,buy,5.073257
2019-03-15,DKK,UYU,sell,5.073257
2019-03-15,EUR,UYU,buy,37.862595
2019-03-15,EUR,UYU,sell,37.862595
2019-03-15,GBP,UYU,buy,44.430307
2019-03-15,GBP,UYU,sell,44.430307
2019-03-15,HKD,UYU,buy,4.261046
2019-03-15,HKD,UYU,sell,4.261046
2019-03-15,HUF,UYU,buy,0.120467
2019-03-15,HUF,UYU,sell,0.120467
2019-03-15,INR,UYU,buy,0.484084
2019-03-15,INR,UYU,sell,0.484084
2019-03-15,ISK,UYU,buy,0.284454
2019-03-15,ISK,UYU,sell,0.284454
2019-03-15,JPY,UYU,buy,0.300004
2019-03-15,JPY,UYU,sell,0.300004
2019-03-15,KRW,UYU,buy,0.029415
2019-03-15,KRW,UYU,sell,0.029415
2019-03-15,MXN,UYU,buy,1.739965
2019-03-15,MXN,UYU,sell,1.739965
2019-03-15,MYR,UYU,buy,8.17724
2019-03-15,MYR,UYU,sell,8.17724
2019-03-15,NOK,UYU,buy,3.915988
2019-03-15,NOK,UYU,sell,3.915988
2019-03-15,NZD,UYU,buy,22.900858
2019-03-15,NZD,UYU,sell,22.900858
2019-03-15,PEN,UYU,buy,10.139747
2019-03-15,PEN,UYU,sell,10.139747
2019-03-15,PYG,UYU,buy,0.005458
2019-03-15,PYG,UYU,sell,0.005458
2019-03-15,RUB,UYU,buy,0.515332
2019-03-15,RUB,UYU,sell,0.515332
2019-03-15,SEK,UYU,buy,3.620609
2019-03-15,SEK,UYU,sell,3.620609
2019-03-15,TRY,UYU,buy,6.138501
2019-03-15,TRY,UYU,sell,6.138501
2019-03-15,USD,UYU,buy,33.466
2019-03-15,USD,UYU,sell,33.466
2019-03-15,VES,UYU,buy,0.010155
2019-03-15,VES,UYU,sell,0.010155
2019-03-15,XDR,UYU,buy,46.57305
2019-03-15,XDR,UYU,sell,46.57305
2019-03-15,ZAR,UYU,buy,2.319449
2019-03-15,ZAR,UYU,sell,2.319449
2019-03-18,ARS,UYU,buy,0.834602
2019-03-18,ARS,UYU,sell,0.834602
2019-03-18,AUD,UYU,buy,23.717508
2019-03-18,AUD,UYU,sell,23.717508
2019-03-18,BRL,UYU,buy,8.813157
2019-03-18,BRL,UYU,sell,8.813157
2019-03-18,CAD,UYU,buy,25.024904
2019-03-18,CAD,UYU,sell,25.024904
2019-03-18,CHF,UYU,buy,33.375287
2019-03-18,CHF,UYU,sell,33.375287
2019-03-18,CLP,UYU,buy,0.050173
2019-03-18,CLP,UYU,sell,0.050173
2019-03-18,CNY,UYU,buy,4.977208
2019-03-18,CNY,UYU,sell,4.977208
2019-03-18,COP,UYU,buy,0.010783
2019-03-18,COP,UYU,sell,0.010783
2019-03-18,DKK,UYU,buy,5.076076
2019-03-18,DKK,UYU,sell,5.076076
2019-03-18,EUR,UYU,buy,37.879184
2019-03-18,EUR,UYU,sell,37.879184
2019-03-18,GBP,UYU,buy,44.275912
2019-03-18,GBP,UYU,sell,44.275912
2019-03-18,HKD,UYU,buy,4.256306
2019-03-18,HKD,UYU,sell,4.256306
2019-03-18,HUF,UYU,buy,0.12064
2019-03-18,HUF,UYU,sell,0.12064
2019-03-18,INR,UYU,buy,0.487526
2019-03-18,INR,UYU,sell,0.487526
2019-03-18,ISK,UYU,buy,0.285414
2019-03-18,ISK,UYU,sell,0.285414
2019-03-18,JPY,UYU,buy,0.299914
2019-03-18,JPY,UYU,sell,0.299914
2019-03-18,KRW,UYU,buy,0.029512
2019-03-18,KRW,UYU,sell,0.029512
2019-03-18,MXN,UYU,buy,1.753004
2019-03-18,MXN,UYU,sell,1.753004
2019-03-18,MYR,UYU,buy,8.196247
2019-03-18,MYR,UYU,sell,8.196247
2019-03-18,NOK,UYU,buy,3.906922
2019-03-18,NOK,UYU,sell,3.906922
2019-03-18,NZD,UYU,buy,22.885549
2019-03-18,NZD,UYU,sell,22.885549
2019-03-18,PEN,UYU,buy,10.12715
2019-03-18,PEN,UYU,sell,10.12715
2019-03-18,PYG,UYU,buy,0.00545
2019-03-18,PYG,UYU,sell,0.00545
2019-03-18,RUB,UYU,buy,0.519269
2019-03-18,RUB,UYU,sell,0.519269
2019-03-18,SEK,UYU,buy,3.617623
2019-03-18,SEK,UYU,sell,3.617623
2019-03-18,TRY,UYU,buy,6.11046
2019-03-18,TRY,UYU,sell,6.11046
2019-03-18,USD,UYU,buy,33.429
2019-03-18,USD,UYU,sell,33.429
2019-03-18,VES,UYU,buy,0.010149
2019-03-18,VES,UYU,sell,0.010149
2019-03-18,XDR,UYU,buy,46.573655
2019-03-18,XDR,UYU,sell,46.573655
2019-03-18,ZAR,UYU,buy,2.31345
2019-03-18,ZAR,UYU,sell,2.31345
2019-03-19,ARS,UYU,buy,0.819481
2019-03-19,ARS,UYU,sell,0.819481
2019-03-19,AUD,UYU,buy,23.54589
2019-03-19,AUD,UYU,sell,23.54589
2019-03-19,BRL,UYU,buy,8.790133
2019-03-19,BRL,UYU,sell,8.790133
2019-03-19,CAD,UYU,buy,24.953977
2019-03-19,CAD,UYU,sell,24.953977
2019-03-19,CHF,UYU,buy,33.231601
2019-03-19,CHF,UYU,sell,33.231601
2019-03-19,CLP,UYU,buy,0.049887
2019-03-19,CLP,UYU,sell,0.049887
2019-03-19,CNY,UYU,buy,4.947928
2019-03-19,CNY,UYU,sell,4.947928
2019-03-19,COP,UYU,buy,0.010722
2019-03-19,COP,UYU,sell,0.010722
2019-03-19,DKK,UYU,buy,5.052026
2019-03-19,DKK,UYU,sell,5.052026
2019-03-19,EUR,UYU,buy,37.698331
2019-03-19,EUR,UYU,sell,37.698331
2019-03-19,GBP,UYU,buy,44.066349
2019-03-19,GBP,UYU,sell,44.066349
2019-03-19,HKD,UYU,buy,4.230573
2019-03-19,HKD,UYU,sell,4.230573
2019-03-19,HUF,UYU,buy,0.120387
2019-03-19,HUF,UYU,sell,0.120387
2019-03-19,INR,UYU,buy,0.481592
2019-03-19,INR,UYU,sell,0.481592
2019-03-19,ISK,UYU,buy,0.284113
2019-03-19,ISK,UYU,sell,0.284113
2019-03-19,JPY,UYU,buy,0.298101
2019-03-19,JPY,UYU,sell,0.298101
2019-03-19,KRW,UYU,buy,0.029371
2019-03-19,KRW,UYU,sell,0.029371
2019-03-19,MXN,UYU,buy,1.747063
2019-03-19,MXN,UYU,sell,1.747063
2019-03-19,MYR,UYU,buy,8.148194
2019-03-19,MYR,UYU,sell,8.148194
2019-03-19,NOK,UYU,buy,3.896218
2019-03-19,NOK,UYU,sell,3.896218
2019-03-19,NZD,UYU,buy,22.770437
2019-03-19,NZD,UYU,sell,22.770437
2019-03-19,PEN,UYU,buy,10.067754
2019-03-19,PEN,UYU,sell,10.067754
2019-03-19,PYG,UYU,buy,0.005407
2019-03-19,PYG,UYU,sell,0.005407
2019-03-19,RUB,UYU,buy,0.515913
2019-03-19,RUB,UYU,sell,0.515913
2019-03-19,SEK,UYU,buy,3.607352
2019-03-19,SEK,UYU,sell,3.607352
2019-03-19,TRY,UYU,buy,6.064092
2019-03-19,TRY,UYU,sell,6.064092
2019-03-19,USD,UYU,buy,33.227
2019-03-19,USD,UYU,sell,33.227
2019-03-19,VES,UYU,buy,0.010088
2019-03-19,VES,UYU,sell,0.010088
2019-03-19,XDR,UYU,buy,46.299057
2019-03-19,XDR,UYU,sell,46.299057
2019-03-19,ZAR,UYU,buy,2.296069
2019-03-19,ZAR,UYU,sell,2.296069
2019-03-20,ARS,UYU,buy,0.815721
2019-03-20,ARS,UYU,sell,0.815721
2019-03-20,AUD,UYU,buy,23.799763
2019-03-20,AUD,UYU,sell,23.799763
2019-03-20,BRL,UYU,buy,8.900937
2019-03-20,BRL,UYU,sell,8.900937
2019-03-20,CAD,UYU,buy,25.117576
2019-03-20,CAD,UYU,sell,25.117576
2019-03-20,CHF,UYU,buy,33.677934
2019-03-20,CHF,UYU,sell,33.677934
2019-03-20,CLP,UYU,buy,0.050038
2019-03-20,CLP,UYU,sell,0.050038
2019-03-20,CNY,UYU,buy,4.978116
2019-03-20,CNY,UYU,sell,4.978116
2019-03-20,COP,UYU,buy,0.010792
2019-03-20,COP,UYU,sell,0.010792
2019-03-20,DKK,UYU,buy,5.111585
2019-03-20,DKK,UYU,sell,5.111585
2019-03-20,EUR,UYU,buy,38.146605
2019-03-20,EUR,UYU,sell,38.146605
2019-03-20,GBP,UYU,buy,44.136954
2019-03-20,GBP,UYU,sell,44.136954
2019-03-20,HKD,UYU,buy,4.245404
2019-03-20,HKD,UYU,sell,4.245404
2019-03-20,HUF,UYU,buy,0.121585
2019-03-20,HUF,UYU,sell,0.121585
2019-03-20,INR,UYU,buy,0.484161
2019-03-20,INR,UYU,sell,0.484161
2019-03-20,ISK,UYU,buy,0.285557
2019-03-20,ISK,UYU,sell,0.285557
2019-03-20,JPY,UYU,buy,0.301469
2019-03-20,JPY,UYU,sell,0.301469
2019-03-20,KRW,UYU,buy,0.029481
2019-03-20,KRW,UYU,sell,0.029481
2019-03-20,MXN,UYU,buy,1.772631
2019-03-20,MXN,UYU,sell,1.772631
2019-03-20,MYR,UYU,buy,8.196262
2019-03-20,MYR,UYU,sell,8.196262
2019-03-20,NOK,UYU,buy,3.934035
2019-03-20,NOK,UYU,sell,3.934035
2019-03-20,NZD,UYU,buy,23.038264
2019-03-20,NZD,UYU,sell,23.038264
2019-03-20,PEN,UYU,buy,10.120255
2019-03-20,PEN,UYU,sell,10.120255
2019-03-20,PYG,UYU,buy,0.005435
2019-03-20,PYG,UYU,sell,0.005435
2019-03-20,RUB,UYU,buy,0.522628
2019-03-20,RUB,UYU,sell,0.522628
2019-03-20,SEK,UYU,buy,3.658419
2019-03-20,SEK,UYU,sell,3.658419
2019-03-20,TRY,UYU,buy,6.144343
2019-03-20,TRY,UYU,sell,6.144343
2019-03-20,USD,UYU,buy,33.343
2019-03-20,USD,UYU,sell,33.343
2019-03-20,VES,UYU,buy,0.010123
2019-03-20,VES,UYU,sell,0.010123
2019-03-20,XDR,UYU,buy,46.457444
2019-03-20,XDR,UYU,sell,46.457444
2019-03-20,ZAR,UYU,buy,2.347017
2019-03-20,ZAR,UYU,sell,2.347017
2019-03-21,ARS,UYU,buy,0.813243
2019-03-21,ARS,UYU,sell,0.813243
2019-03-21,AUD,UYU,buy,23.710373
2019-03-21,AUD,UYU,sell,23.710373
2019-03-21,BRL,UYU,buy,8.776125
2019-03-21,BRL,UYU,sell,8.776125
2019-03-21,CAD,UYU,buy,24.942619
2019-03-21,CAD,UYU,sell,24.942619
2019-03-21,CHF,UYU,buy,33.575203
2019-03-21,CHF,UYU,sell,33.575203
2019-03-21,CLP,UYU,buy,0.04983
2019-03-21,CLP,UYU,sell,0.04983
2019-03-21,CNY,UYU,buy,4.979997
2019-03-21,CNY,UYU,sell,4.979997
2019-03-21,COP,UYU,buy,0.010798
2019-03-21,COP,UYU,sell,0.010798
2019-03-21,DKK,UYU,buy,5.075342
2019-03-21,DKK,UYU,sell,5.075342
2019-03-21,EUR,UYU,buy,37.87421
2019-03-21,EUR,UYU,sell,37.87421
2019-03-21,GBP,UYU,buy,43.602466
2019-03-21,GBP,UYU,sell,43.602466
2019-03-21,HKD,UYU,buy,4.251236
2019-03-21,HKD,UYU,sell,4.251236
2019-03-21,HUF,UYU,buy,0.120325
2019-03-21,HUF,UYU,sell,0.120325
2019-03-21,INR,UYU,buy,0.484684
2019-03-21,INR,UYU,sell,0.484684
2019-03-21,ISK,UYU,buy,0.282011
2019-03-21,ISK,UYU,sell,0.282011
2019-03-21,JPY,UYU,buy,0.301087
2019-03-21,JPY,UYU,sell,0.301087
2019-03-21,KRW,UYU,buy,0.029585
2019-03-21,KRW,UYU,sell,0.029585
2019-03-21,MXN,UYU,buy,1.768024
2019-03-21,MXN,UYU,sell,1.768024
2019-03-21,MYR,UYU,buy,8.215218
2019-03-21,MYR,UYU,sell,8.215218
2019-03-21,NOK,UYU,buy,3.938424
2019-03-21,NOK,UYU,sell,3.938424
2019-03-21,NZD,UYU,buy,22.931371
2019-03-21,NZD,UYU,sell,22.931371
2019-03-21,PEN,UYU,buy,10.144125
2019-03-21,PEN,UYU,sell,10.144125
2019-03-21,PYG,UYU,buy,0.005434
2019-03-21,PYG,UYU,sell,0.005434
2019-03-21,RUB,UYU,buy,0.522305
2019-03-21,RUB,UYU,sell,0.522305
2019-03-21,SEK,UYU,buy,3.632128
2019-03-21,SEK,UYU,sell,3.632128
2019-03-21,TRY,UYU,buy,6.103995
2019-03-21,TRY,UYU,sell,6.103995
2019-03-21,USD,UYU,buy,33.379
2019-03-21,USD,UYU,sell,33.379
2019-03-21,VES,UYU,buy,0.010125
2019-03-21,VES,UYU,sell,0.010125
2019-03-21,XDR,UYU,buy,46.559674
2019-03-21,XDR,UYU,sell,46.559674
2019-03-21,ZAR,UYU,buy,2.345357
2019-03-21,ZAR,UYU,sell,2.345357
2019-03-22,ARS,UYU,buy,0.804351
2019-03-22,ARS,UYU,sell,0.804351
2019-03-22,AUD,UYU,buy,23.816936
2019-03-22,AUD,UYU,sell,23.816936
2019-03-22,BRL,UYU,buy,8.636428
2019-03-22,BRL,UYU,sell,8.636428
2019-03-22,CAD,UYU,buy,25.063187
2019-03-22,CAD,UYU,sell,25.063187
2019-03-22,CHF,UYU,buy,33.80701
2019-03-22,CHF,UYU,sell,33.80701
2019-03-22,CLP,UYU,buy,0.049432
2019-03-22,CLP,UYU,sell,0.049432
2019-03-22,CNY,UYU,buy,5.003721
2019-03-22,CNY,UYU,sell,5.003721
2019-03-22,COP,UYU,buy,0.010726
2019-03-22,COP,UYU,sell,0.010726
2019-03-22,DKK,UYU,buy,5.088091
2019-03-22,DKK,UYU,sell,5.088091
2019-03-22,EUR,UYU,buy,37.974314
2019-03-22,EUR,UYU,sell,37.974314
2019-03-22,GBP,UYU,buy,44.384886
2019-03-22,GBP,UYU,sell,44.384886
2019-03-22,HKD,UYU,buy,4.283712
2019-03-22,HKD,UYU,sell,4.283712
2019-03-22,HUF,UYU,buy,0.12011
2019-03-22,HUF,UYU,sell,0.12011
2019-03-22,INR,UYU,buy,0.487489
2019-03-22,INR,UYU,sell,0.487489
2019-03-22,ISK,UYU,buy,0.280683
2019-03-22,ISK,UYU,sell,0.280683
2019-03-22,JPY,UYU,buy,0.305364
2019-03-22,JPY,UYU,sell,0.305364
2019-03-22,KRW,UYU,buy,0.029744
2019-03-22,KRW,UYU,sell,0.029744
2019-03-22,MXN,UYU,buy,1.761674
2019-03-22,MXN,UYU,sell,1.761674
2019-03-22,MYR,UYU,buy,8.270636
2019-03-22,MYR,UYU,sell,8.270636
2019-03-22,NOK,UYU,buy,3.929857
2019-03-22,NOK,UYU,sell,3.929857
2019-03-22,NZD,UYU,buy,23.116042
2019-03-22,NZD,UYU,sell,23.116042
2019-03-22,PEN,UYU,buy,10.188364
2019-03-22,PEN,UYU,sell,10.188364
2019-03-22,PYG,UYU,buy,0.005456
2019-03-22,PYG,UYU,sell,0.005456
2019-03-22,RUB,UYU,buy,0.519925
2019-03-22,RUB,UYU,sell,0.519925
2019-03-22,SEK,UYU,buy,3.625989
2019-03-22,SEK,UYU,sell,3.625989
2019-03-22,TRY,UYU,buy,5.825542
2019-03-22,TRY,UYU,sell,5.825542
2019-03-22,USD,UYU,buy,33.633
2019-03-22,USD,UYU,sell,33.633
2019-03-22,VES,UYU,buy,0.010208
2019-03-22,VES,UYU,sell,0.010208
2019-03-22,XDR,UYU,buy,46.783051
2019-03-22,XDR,UYU,sell,46.783051
2019-03-22,ZAR,UYU,buy,2.319041
2019-03-22,ZAR,UYU,sell,2.319041
2019-03-25,ARS,UYU,buy,0.796762
2019-03-25,ARS,UYU,sell,0.796762
2019-03-25,AUD,UYU,buy,23.8151
2019-03-25,AUD,UYU,sell,23.8151
2019-03-25,BRL,UYU,buy,8.675176
2019-03-25,BRL,UYU,sell,8.675176
2019-03-25,CAD,UYU,buy,24.98192
2019-03-25,CAD,UYU,sell,24.98192
2019-03-25,CHF,UYU,buy,33.761902
2019-03-25,CHF,UYU,sell,33.761902
2019-03-25,CLP,UYU,buy,0.049278
2019-03-25,CLP,UYU,sell,0.049278
2019-03-25,CNY,UYU,buy,4.994038
2019-03-25,CNY,UYU,sell,4.994038
2019-03-25,COP,UYU,buy,0.010694
2019-03-25,COP,UYU,sell,0.010694
2019-03-25,DKK,UYU,buy,5.078665
2019-03-25,DKK,UYU,sell,5.078665
2019-03-25,EUR,UYU,buy,37.908144
2019-03-25,EUR,UYU,sell,37.908144
2019-03-25,GBP,UYU,buy,44.180655
2019-03-25,GBP,UYU,sell,44.180655
2019-03-25,HKD,UYU,buy,4.270284
2019-03-25,HKD,UYU,sell,4.270284
2019-03-25,HUF,UYU,buy,0.119896
2019-03-25,HUF,UYU,sell,0.119896
2019-03-25,INR,UYU,buy,0.486058
2019-03-25,INR,UYU,sell,0.486058
2019-03-25,ISK,UYU,buy,0.277364
2019-03-25,ISK,UYU,sell,0.277364
2019-03-25,JPY,UYU,buy,0.304484
2019-03-25,JPY,UYU,sell,0.304484
2019-03-25,KRW,UYU,buy,0.02954
2019-03-25,KRW,UYU,sell,0.02954
2019-03-25,MXN,UYU,buy,1.759743
2019-03-25,MXN,UYU,sell,1.759743
2019-03-25,MYR,UYU,buy,8.234701
2019-03-25,MYR,UYU,sell,8.234701
2019-03-25,NOK,UYU,buy,3.922572
2019-03-25,NOK,UYU,sell,3.922572
2019-03-25,NZD,UYU,buy,23.14496
2019-03-25,NZD,UYU,sell,23.14496
2019-03-25,PEN,UYU,buy,10.145182
2019-03-25,PEN,UYU,sell,10.145182
2019-03-25,PYG,UYU,buy,0.005427
2019-03-25,PYG,UYU,sell,0.005427
2019-03-25,RUB,UYU,buy,0.522376
2019-03-25,RUB,UYU,sell,0.522376
2019-03-25,SEK,UYU,buy,3.624357
2019-03-25,SEK,UYU,sell,3.624357
2019-03-25,TRY,UYU,buy,6.016483
2019-03-25,TRY,UYU,sell,6.016483
2019-03-25,USD,UYU,buy,33.524
2019-03-25,USD,UYU,sell,33.524
2019-03-25,VES,UYU,buy,0.010182
2019-03-25,VES,UYU,sell,0.010182
2019-03-25,XDR,UYU,buy,46.664194
2019-03-25,XDR,UYU,sell,46.664194
2019-03-25,ZAR,UYU,buy,2.338658
2019-03-25,ZAR,UYU,sell,2.338658
2019-03-26,ARS,UYU,buy,0.784132
2019-03-26,ARS,UYU,sell,0.784132
2019-03-26,AUD,UYU,buy,23.884292
2019-03-26,AUD,UYU,sell,23.884292
2019-03-26,BRL,UYU,buy,8.648586
2019-03-26,BRL,UYU,sell,8.648586
2019-03-26,CAD,UYU,buy,24.993459
2019-03-26,CAD,UYU,sell,24.993459
2019-03-26,CHF,UYU,buy,33.645283
2019-03-26,CHF,UYU,sell,33.645283
2019-03-26,CLP,UYU,buy,0.04911
2019-03-26,CLP,UYU,sell,0.04911
2019-03-26,CNY,UYU,buy,4.978632
2019-03-26,CNY,UYU,sell,4.978632
2019-03-26,COP,UYU,buy,0.010594
2019-03-26,COP,UYU,sell,0.010594
2019-03-26,DKK,UYU,buy,5.050452
2019-03-26,DKK,UYU,sell,5.050452
2019-03-26,EUR,UYU,buy,37.704649
2019-03-26,EUR,UYU,sell,37.704649
2019-03-26,GBP,UYU,buy,44.196055
2019-03-26,GBP,UYU,sell,44.196055
2019-03-26,HKD,UYU,buy,4.259616
2019-03-26,HKD,UYU,sell,4.259616
2019-03-26,HUF,UYU,buy,0.118314
2019-03-26,HUF,UYU,sell,0.118314
2019-03-26,INR,UYU,buy,0.48555
2019-03-26,INR,UYU,sell,0.48555
2019-03-26,ISK,UYU,buy,0.274631
2019-03-26,ISK,UYU,sell,0.274631
2019-03-26,JPY,UYU,buy,0.30251
2019-03-26,JPY,UYU,sell,0.30251
2019-03-26,KRW,UYU,buy,0.029499
2019-03-26,KRW,UYU,sell,0.029499
2019-03-26,MXN,UYU,buy,1.750583
2019-03-26,MXN,UYU,sell,1.750583
2019-03-26,MYR,UYU,buy,8.211961
2019-03-26,MYR,UYU,sell,8.211961
2019-03-26,NOK,UYU,buy,3.91412
2019-03-26,NOK,UYU,sell,3.91412
2019-03-26,NZD,UYU,buy,23.118631
2019-03-26,NZD,UYU,sell,23.118631
2019-03-26,PEN,UYU,buy,10.112665
2019-03-26,PEN,UYU,sell,10.112665
2019-03-26,PYG,UYU,buy,0.00543
2019-03-26,PYG,UYU,sell,0.00543
2019-03-26,RUB,UYU,buy,0.519062
2019-03-26,RUB,UYU,sell,0.519062
2019-03-26,SEK,UYU,buy,3.619055
2019-03-26,SEK,UYU,sell,3.619055
2019-03-26,TRY,UYU,buy,6.199473
2019-03-26,TRY,UYU,sell,6.199473
2019-03-26,USD,UYU,buy,33.435
2019-03-26,USD,UYU,sell,33.435
2019-03-26,VES,UYU,buy,0.010161
2019-03-26,VES,UYU,sell,0.010161
2019-03-26,XDR,UYU,buy,46.570608
2019-03-26,XDR,UYU,sell,46.570608
2019-03-26,ZAR,UYU,buy,2.320087
2019-03-26,ZAR,UYU,sell,2.320087
2019-03-27,ARS,UYU,buy,0.769919
2019-03-27,ARS,UYU,sell,0.769919
2019-03-27,AUD,UYU,buy,23.935855
2019-03-27,AUD,UYU,sell,23.935855
2019-03-27,BRL,UYU,buy,8.553817
2019-03-27,BRL,UYU,sell,8.553817
2019-03-27,CAD,UYU,buy,25.201178
2019-03-27,CAD,UYU,sell,25.201178
2019-03-27,CHF,UYU,buy,33.952273
2019-03-27,CHF,UYU,sell,33.952273
2019-03-27,CLP,UYU,buy,0.049454
2019-03-27,CLP,UYU,sell,0.049454
2019-03-27,CNY,UYU,buy,5.023115
2019-03-27,CNY,UYU,sell,5.023115
2019-03-27,COP,UYU,buy,0.010631
2019-03-27,COP,UYU,sell,0.010631
2019-03-27,DKK,UYU,buy,5.0943
2019-03-27,DKK,UYU,sell,5.0943
2019-03-27,EUR,UYU,buy,38.036839
2019-03-27,EUR,UYU,sell,38.036839
2019-03-27,GBP,UYU,buy,44.818693
2019-03-27,GBP,UYU,sell,44.818693
2019-03-27,HKD,UYU,buy,4.305217
2019-03-27,HKD,UYU,sell,4.305217
2019-03-27,HUF,UYU,buy,0.11894
2019-03-27,HUF,UYU,sell,0.11894
2019-03-27,INR,UYU,buy,0.490605
2019-03-27,INR,UYU,sell,0.490605
2019-03-27,ISK,UYU,buy,0.278631
2019-03-27,ISK,UYU,sell,0.278631
2019-03-27,JPY,UYU,buy,0.305994
2019-03-27,JPY,UYU,sell,0.305994
2019-03-27,KRW,UYU,buy,0.029785
2019-03-27,KRW,UYU,sell,0.029785
2019-03-27,MXN,UYU,buy,1.748469
2019-03-27,MXN,UYU,sell,1.748469
2019-03-27,MYR,UYU,buy,8.296851
2019-03-27,MYR,UYU,sell,8.296851
2019-03-27,NOK,UYU,buy,3.91916
2019-03-27,NOK,UYU,sell,3.91916
2019-03-27,NZD,UYU,buy,22.982949
2019-03-27,NZD,UYU,sell,22.982949
2019-03-27,PEN,UYU,buy,10.187217
2019-03-27,PEN,UYU,sell,10.187217
2019-03-27,PYG,UYU,buy,0.005474
2019-03-27,PYG,UYU,sell,0.005474
2019-03-27,RUB,UYU,buy,0.521209
2019-03-27,RUB,UYU,sell,0.521209
2019-03-27,SEK,UYU,buy,3.646498
2019-03-27,SEK,UYU,sell,3.646498
2019-03-27,TRY,UYU,buy,6.332408
2019-03-27,TRY,UYU,sell,6.332408
2019-03-27,USD,UYU,buy,33.791
2019-03-27,USD,UYU,sell,33.791
2019-03-27,VES,UYU,buy,0.01027
2019-03-27,VES,UYU,sell,0.01027
2019-03-27,XDR,UYU,buy,47.014094
2019-03-27,XDR,UYU,sell,47.014094
2019-03-27,ZAR,UYU,buy,2.312369
2019-03-27,ZAR,UYU,sell,2.312369
2019-03-28,ARS,UYU,buy,0.772777
2019-03-28,ARS,UYU,sell,0.772777
2019-03-28,AUD,UYU,buy,23.868161
2019-03-28,AUD,UYU,sell,23.868161
2019-03-28,BRL,UYU,buy,8.622748
2019-03-28,BRL,UYU,sell,8.622748
2019-03-28,CAD,UYU,buy,25.089462
2019-03-28,CAD,UYU,sell,25.089462
2019-03-28,CHF,UYU,buy,33.873041
2019-03-28,CHF,UYU,sell,33.873041
2019-03-28,CLP,UYU,buy,0.049348
2019-03-28,CLP,UYU,sell,0.049348
2019-03-28,CNY,UYU,buy,5.004303
2019-03-28,CNY,UYU,sell,5.004303
2019-03-28,COP,UYU,buy,0.010611
2019-03-28,COP,UYU,sell,0.010611
2019-03-28,DKK,UYU,buy,5.071393
2019-03-28,DKK,UYU,sell,5.071393
2019-03-28,EUR,UYU,buy,37.858562
2019-03-28,EUR,UYU,sell,37.858562
2019-03-28,GBP,UYU,buy,44.006448
2019-03-28,GBP,UYU,sell,44.006448
2019-03-28,HKD,UYU,buy,4.296078
2019-03-28,HKD,UYU,sell,4.296078
2019-03-28,HUF,UYU,buy,0.118172
2019-03-28,HUF,UYU,sell,0.118172
2019-03-28,INR,UYU,buy,0.486375
2019-03-28,INR,UYU,sell,0.486375
2019-03-28,ISK,UYU,buy,0.275376
2019-03-28,ISK,UYU,sell,0.275376
2019-03-28,JPY,UYU,buy,0.304932
2019-03-28,JPY,UYU,sell,0.304932
2019-03-28,KRW,UYU,buy,0.029666
2019-03-28,KRW,UYU,sell,0.029666
2019-03-28,MXN,UYU,buy,1.745761
2019-03-28,MXN,UYU,sell,1.745761
2019-03-28,MYR,UYU,buy,8.266699
2019-03-28,MYR,UYU,sell,8.266699
2019-03-28,NOK,UYU,buy,3.904732
2019-03-28,NOK,UYU,sell,3.904732
2019-03-28,NZD,UYU,buy,22.88342
2019-03-28,NZD,UYU,sell,22.88342
2019-03-28,PEN,UYU,buy,10.156301
2019-03-28,PEN,UYU,sell,10.156301
2019-03-28,PYG,UYU,buy,0.005449
2019-03-28,PYG,UYU,sell,0.005449
2019-03-28,RUB,UYU,buy,0.519469
2019-03-28,RUB,UYU,sell,0.519469
2019-03-28,SEK,UYU,buy,3.631665
2019-03-28,SEK,UYU,sell,3.631665
2019-03-28,TRY,UYU,buy,6.080669
2019-03-28,TRY,UYU,sell,6.080669
2019-03-28,USD,UYU,buy,33.724
2019-03-28,USD,UYU,sell,33.724
2019-03-28,VES,UYU,buy,0.010249
2019-03-28,VES,UYU,sell,0.010249
2019-03-28,XDR,UYU,buy,46.811947
2019-03-28,XDR,UYU,sell,46.811947
2019-03-28,ZAR,UYU,buy,2.310314
2019-03-28,ZAR,UYU,sell,2.310314
2019-03-29,ARS,UYU,buy,0.772946
2019-03-29,ARS,UYU,sell,0.772946
2019-03-29,AUD,UYU,buy,23.771966
2019-03-29,AUD,UYU,sell,23.771966
2019-03-29,BRL,UYU,buy,8.56445
2019-03-29,BRL,UYU,sell,8.56445
2019-03-29,CAD,UYU,buy,25.069442
2019-03-29,CAD,UYU,sell,25.069442
2019-03-29,CHF,UYU,buy,33.626914
2019-03-29,CHF,UYU,sell,33.626914
2019-03-29,CLP,UYU,buy,0.049261
2019-03-29,CLP,UYU,sell,0.049261
2019-03-29,CNY,UYU,buy,4.988602
2019-03-29,CNY,UYU,sell,4.988602
2019-03-29,COP,UYU,buy,0.010501
2019-03-29,COP,UYU,sell,0.010501
2019-03-29,DKK,UYU,buy,5.031821
2019-03-29,DKK,UYU,sell,5.031821
2019-03-29,EUR,UYU,buy,37.565699
2019-03-29,EUR,UYU,sell,37.565699
2019-03-29,GBP,UYU,buy,43.569381
2019-03-29,GBP,UYU,sell,43.569381
2019-03-29,HKD,UYU,buy,4.265532
2019-03-29,HKD,UYU,sell,4.265532
2019-03-29,HUF,UYU,buy,0.116882
2019-03-29,HUF,UYU,sell,0.116882
2019-03-29,INR,UYU,buy,0.484144
2019-03-29,INR,UYU,sell,0.484144
2019-03-29,ISK,UYU,buy,0.272837
2019-03-29,ISK,UYU,sell,0.272837
2019-03-29,JPY,UYU,buy,0.302229
2019-03-29,JPY,UYU,sell,0.302229
2019-03-29,KRW,UYU,buy,0.029497
2019-03-29,KRW,UYU,sell,0.029497
2019-03-29,MXN,UYU,buy,1.724668
2019-03-29,MXN,UYU,sell,1.724668
2019-03-29,MYR,UYU,buy,8.202842
2019-03-29,MYR,UYU,sell,8.202842
2019-03-29,NOK,UYU,buy,3.885694
2019-03-29,NOK,UYU,sell,3.885694
2019-03-29,NZD,UYU,buy,22.80093
2019-03-29,NZD,UYU,sell,22.80093
2019-03-29,PEN,UYU,buy,10.089492
2019-03-29,PEN,UYU,sell,10.089492
2019-03-29,PYG,UYU,buy,0.005407
2019-03-29,PYG,UYU,sell,0.005407
2019-03-29,RUB,UYU,buy,0.509823
2019-03-29,RUB,UYU,sell,0.509823
2019-03-29,SEK,UYU,buy,3.603627
2019-03-29,SEK,UYU,sell,3.603627
2019-03-29,TRY,UYU,buy,5.990571
2019-03-29,TRY,UYU,sell,5.990571
2019-03-29,USD,UYU,buy,33.484
2019-03-29,USD,UYU,sell,33.484
2019-03-29,VES,UYU,buy,0.010176
2019-03-29,VES,UYU,sell,0.010176
2019-03-29,XDR,UYU,buy,46.484163
2019-03-29,XDR,UYU,sell,46.484163
2019-03-29,ZAR,UYU,buy,2.319013
2019-03-29,ZAR,UYU,sell,2.319013
2019-04-01,ARS,UYU,buy,0.782188
2019-04-01,ARS,UYU,sell,0.782188
2019-04-01,AUD,UYU,buy,23.767806
2019-04-01,AUD,UYU,sell,23.767806
2019-04-01,BRL,UYU,buy,8.63056
2019-04-01,BRL,UYU,sell,8.63056
2019-04-01,CAD,UYU,buy,25.095919
2019-04-01,CAD,UYU,sell,25.095919
2019-04-01,CHF,UYU,buy,33.459132
2019-04-01,CHF,UYU,sell,33.459132
2019-04-01,CLP,UYU,buy,0.049749
2019-04-01,CLP,UYU,sell,0.049749
2019-04-01,CNY,UYU,buy,4.980108
2019-04-01,CNY,UYU,sell,4.980108
2019-04-01,COP,UYU,buy,0.010635
2019-04-01,COP,UYU,sell,0.010635
2019-04-01,DKK,UYU,buy,5.019372
2019-04-01,DKK,UYU,sell,5.019372
2019-04-01,EUR,UYU,buy,37.473317
2019-04-01,EUR,UYU,sell,37.473317
2019-04-01,GBP,UYU,buy,43.860644
2019-04-01,GBP,UYU,sell,43.860644
2019-04-01,HKD,UYU,buy,4.25797
2019-04-01,HKD,UYU,sell,4.25797
2019-04-01,HUF,UYU,buy,0.116472
2019-04-01,HUF,UYU,sell,0.116472
2019-04-01,INR,UYU,buy,0.483276
2019-04-01,INR,UYU,sell,0.483276
2019-04-01,ISK,UYU,buy,0.272115
2019-04-01,ISK,UYU,sell,0.272115
2019-04-01,JPY,UYU,buy,0.300143
2019-04-01,JPY,UYU,sell,0.300143
2019-04-01,KRW,UYU,buy,0.029471
2019-04-01,KRW,UYU,sell,0.029471
2019-04-01,MXN,UYU,buy,1.741314
2019-04-01,MXN,UYU,sell,1.741314
2019-04-01,MYR,UYU,buy,8.192157
2019-04-01,MYR,UYU,sell,8.192157
2019-04-01,NOK,UYU,buy,3.894096
2019-04-01,NOK,UYU,sell,3.894096
2019-04-01,NZD,UYU,buy,22.760073
2019-04-01,NZD,UYU,sell,22.760073
2019-04-01,PEN,UYU,buy,10.104753
2019-04-01,PEN,UYU,sell,10.104753
2019-04-01,PYG,UYU,buy,0.005402
2019-04-01,PYG,UYU,sell,0.005402
2019-04-01,RUB,UYU,buy,0.51246
2019-04-01,RUB,UYU,sell,0.51246
2019-04-01,SEK,UYU,buy,3.599882
2019-04-01,SEK,UYU,sell,3.599882
2019-04-01,TRY,UYU,buy,6.104561
2019-04-01,TRY,UYU,sell,6.104561
2019-04-01,USD,UYU,buy,33.424
2019-04-01,USD,UYU,sell,33.424
2019-04-01,VES,UYU,buy,0.010158
2019-04-01,VES,UYU,sell,0.010158
2019-04-01,XDR,UYU,buy,46.397526
2019-04-01,XDR,UYU,sell,46.397526
2019-04-01,ZAR,UYU,buy,2.361111
2019-04-01,ZAR,UYU,sell,2.361111
2019-04-02,ARS,UYU,buy,0.786471
2019-04-02,ARS,UYU,sell,0.786471
2019-04-02,AUD,UYU,buy,23.734944
2019-04-02,AUD,UYU,sell,23.734944
2019-04-02,BRL,UYU,buy,8.722068
2019-04-02,BRL,UYU,sell,8.722068
2019-04-02,CAD,UYU,buy,25.178498
2019-04-02,CAD,UYU,sell,25.178498
2019-04-02,CHF,UYU,buy,33.659172
2019-04-02,CHF,UYU,sell,33.659172
2019-04-02,CLP,UYU,buy,0.049918
2019-04-02,CLP,UYU,sell,0.049918
2019-04-02,CNY,UYU,buy,4.998661
2019-04-02,CNY,UYU,sell,4.998661
2019-04-02,COP,UYU,buy,0.010682
2019-04-02,COP,UYU,sell,0.010682
2019-04-02,DKK,UYU,buy,5.040647
2019-04-02,DKK,UYU,sell,5.040647
2019-04-02,EUR,UYU,buy,37.628077
2019-04-02,EUR,UYU,sell,37.628077
2019-04-02,GBP,UYU,buy,44.075581
2019-04-02,GBP,UYU,sell,44.075581
2019-04-02,HKD,UYU,buy,4.281256
2019-04-02,HKD,UYU,sell,4.281256
2019-04-02,HUF,UYU,buy,0.11702
2019-04-02,HUF,UYU,sell,0.11702
2019-04-02,INR,UYU,buy,0.488856
2019-04-02,INR,UYU,sell,0.488856
2019-04-02,ISK,UYU,buy,0.276418
2019-04-02,ISK,UYU,sell,0.276418
2019-04-02,JPY,UYU,buy,0.301719
2019-04-02,JPY,UYU,sell,0.301719
2019-04-02,KRW,UYU,buy,0.029571
2019-04-02,KRW,UYU,sell,0.029571
2019-04-02,MXN,UYU,buy,1.749613
2019-04-02,MXN,UYU,sell,1.749613
2019-04-02,MYR,UYU,buy,8.227431
2019-04-02,MYR,UYU,sell,8.227431
2019-04-02,NOK,UYU,buy,3.903229
2019-04-02,NOK,UYU,sell,3.903229
2019-04-02,NZD,UYU,buy,22.666241
2019-04-02,NZD,UYU,sell,22.666241
2019-04-02,PEN,UYU,buy,10.151638
2019-04-02,PEN,UYU,sell,10.151638
2019-04-02,PYG,UYU,buy,0.005436
2019-04-02,PYG,UYU,sell,0.005436
2019-04-02,RUB,UYU,buy,0.514618
2019-04-02,RUB,UYU,sell,0.514618
2019-04-02,SEK,UYU,buy,3.600609
2019-04-02,SEK,UYU,sell,3.600609
2019-04-02,TRY,UYU,buy,5.982554
2019-04-02,TRY,UYU,sell,5.982554
2019-04-02,USD,UYU,buy,33.607
2019-04-02,USD,UYU,sell,33.607
2019-04-02,VES,UYU,buy,0.010209
2019-04-02,VES,UYU,sell,0.010209
2019-04-02,XDR,UYU,buy,46.578966
2019-04-02,XDR,UYU,sell,46.578966
2019-04-02,ZAR,UYU,buy,2.365174
2019-04-02,ZAR,UYU,sell,2.365174
2019-04-03,ARS,UYU,buy,0.786551
2019-04-03,ARS,UYU,sell,0.786551
2019-04-03,AUD,UYU,buy,23.984216
2019-04-03,AUD,UYU,sell,23.984216
2019-04-03,BRL,UYU,buy,8.706894
2019-04-03,BRL,UYU,sell,8.706894
2019-04-03,CAD,UYU,buy,25.268563
2019-04-03,CAD,UYU,sell,25.268563
2019-04-03,CHF,UYU,buy,33.786398
2019-04-03,CHF,UYU,sell,33.786398
2019-04-03,CLP,UYU,buy,0.050555
2019-04-03,CLP,UYU,sell,0.050555
2019-04-03,CNY,UYU,buy,5.02235
2019-04-03,CNY,UYU,sell,5.02235
2019-04-03,COP,UYU,buy,0.010791
2019-04-03,COP,UYU,sell,0.010791
2019-04-03,DKK,UYU,buy,5.075438
2019-04-03,DKK,UYU,sell,5.075438
2019-04-03,EUR,UYU,buy,37.888353
2019-04-03,EUR,UYU,sell,37.888353
2019-04-03,GBP,UYU,buy,44.339873
2019-04-03,GBP,UYU,sell,44.339873
2019-04-03,HKD,UYU,buy,4.294104
2019-04-03,HKD,UYU,sell,4.294104
2019-04-03,HUF,UYU,buy,0.118461
2019-04-03,HUF,UYU,sell,0.118461
2019-04-03,INR,UYU,buy,0.492612
2019-04-03,INR,UYU,sell,0.492612
2019-04-03,ISK,UYU,buy,0.282741
2019-04-03,ISK,UYU,sell,0.282741
2019-04-03,JPY,UYU,buy,0.302413
2019-04-03,JPY,UYU,sell,0.302413
2019-04-03,KRW,UYU,buy,0.029711
2019-04-03,KRW,UYU,sell,0.029711
2019-04-03,MXN,UYU,buy,1.753696
2019-04-03,MXN,UYU,sell,1.753696
2019-04-03,MYR,UYU,buy,8.263545
2019-04-03,MYR,UYU,sell,8.263545
2019-04-03,NOK,UYU,buy,3.932565
2019-04-03,NOK,UYU,sell,3.932565
2019-04-03,NZD,UYU,buy,22.865143
2019-04-03,NZD,UYU,sell,22.865143
2019-04-03,PEN,UYU,buy,10.226328
2019-04-03,PEN,UYU,sell,10.226328
2019-04-03,PYG,UYU,buy,0.005445
2019-04-03,PYG,UYU,sell,0.005445
2019-04-03,RUB,UYU,buy,0.516466
2019-04-03,RUB,UYU,sell,0.516466
2019-04-03,SEK,UYU,buy,3.635217
2019-04-03,SEK,UYU,sell,3.635217
2019-04-03,TRY,UYU,buy,5.998113
2019-04-03,TRY,UYU,sell,5.998113
2019-04-03,USD,UYU,buy,33.707
2019-04-03,USD,UYU,sell,33.707
2019-04-03,VES,UYU,buy,0.010239
2019-04-03,VES,UYU,sell,0.010239
2019-04-03,XDR,UYU,buy,46.81363
2019-04-03,XDR,UYU,sell,46.81363
2019-04-03,ZAR,UYU,buy,2.385121
2019-04-03,ZAR,UYU,sell,2.385121
2019-04-04,ARS,UYU,buy,0.779567
2019-04-04,ARS,UYU,sell,0.779567
2019-04-04,AUD,UYU,buy,24.082505
2019-04-04,AUD,UYU,sell,24.082505
2019-04-04,BRL,UYU,buy,8.787265
2019-04-04,BRL,UYU,sell,8.787265
2019-04-04,CAD,UYU,buy,25.330688
2019-04-04,CAD,UYU,sell,25.330688
2019-04-04,CHF,UYU,buy,33.836308
2019-04-04,CHF,UYU,sell,33.836308
2019-04-04,CLP,UYU,buy,0.050836
2019-04-04,CLP,UYU,sell,0.050836
2019-04-04,CNY,UYU,buy,5.037665
2019-04-04,CNY,UYU,sell,5.037665
2019-04-04,COP,UYU,buy,0.010812
2019-04-04,COP,UYU,sell,0.010812
2019-04-04,DKK,UYU,buy,5.086203
2019-04-04,DKK,UYU,sell,5.086203
2019-04-04,EUR,UYU,buy,37.967927
2019-04-04,EUR,UYU,sell,37.967927
2019-04-04,GBP,UYU,buy,44.226266
2019-04-04,GBP,UYU,sell,44.226266
2019-04-04,HKD,UYU,buy,4.311232
2019-04-04,HKD,UYU,sell,4.311232
2019-04-04,HUF,UYU,buy,0.118669
2019-04-04,HUF,UYU,sell,0.118669
2019-04-04,INR,UYU,buy,0.489262
2019-04-04,INR,UYU,sell,0.489262
2019-04-04,ISK,UYU,buy,0.28378
2019-04-04,ISK,UYU,sell,0.28378
2019-04-04,JPY,UYU,buy,0.303248
2019-04-04,JPY,UYU,sell,0.303248
2019-04-04,KRW,UYU,buy,0.029778
2019-04-04,KRW,UYU,sell,0.029778
2019-04-04,MXN,UYU,buy,1.766919
2019-04-04,MXN,UYU,sell,1.766919
2019-04-04,MYR,UYU,buy,8.289056
2019-04-04,MYR,UYU,sell,8.289056
2019-04-04,NOK,UYU,buy,3.935177
2019-04-04,NOK,UYU,sell,3.935177
2019-04-04,NZD,UYU,buy,22.859261
2019-04-04,NZD,UYU,sell,22.859261
2019-04-04,PEN,UYU,buy,10.26358
2019-04-04,PEN,UYU,sell,10.26358
2019-04-04,PYG,UYU,buy,0.005458
2019-04-04,PYG,UYU,sell,0.005458
2019-04-04,RUB,UYU,buy,0.516742
2019-04-04,RUB,UYU,sell,0.516742
2019-04-04,SEK,UYU,buy,3.644746
2019-04-04,SEK,UYU,sell,3.644746
2019-04-04,TRY,UYU,buy,6.035386
2019-04-04,TRY,UYU,sell,6.035386
2019-04-04,USD,UYU,buy,33.838
2019-04-04,USD,UYU,sell,33.838
2019-04-04,VES,UYU,buy,0.010272
2019-04-04,VES,UYU,sell,0.010272
2019-04-04,XDR,UYU,buy,46.96579
2019-04-04,XDR,UYU,sell,46.96579
2019-04-04,ZAR,UYU,buy,2.397291
2019-04-04,ZAR,UYU,sell,2.397291
2019-04-05,ARS,UYU,buy,0.768354
2019-04-05,ARS,UYU,sell,0.768354
2019-04-05,AUD,UYU,buy,23.977864
2019-04-05,AUD,UYU,sell,23.977864
2019-04-05,BRL,UYU,buy,8.732828
2019-04-05,BRL,UYU,sell,8.732828
2019-04-05,CAD,UYU,buy,25.210053
2019-04-05,CAD,UYU,sell,25.210053
2019-04-05,CHF,UYU,buy,33.756688
2019-04-05,CHF,UYU,sell,33.756688
2019-04-05,CLP,UYU,buy,0.050783
2019-04-05,CLP,UYU,sell,0.050783
2019-04-05,CNY,UYU,buy,5.030926
2019-04-05,CNY,UYU,sell,5.030926
2019-04-05,COP,UYU,buy,0.010806
2019-04-05,COP,UYU,sell,0.010806
2019-04-05,DKK,UYU,buy,5.071745
2019-04-05,DKK,UYU,sell,5.071745
2019-04-05,EUR,UYU,buy,37.864671
2019-04-05,EUR,UYU,sell,37.864671
2019-04-05,GBP,UYU,buy,43.972639
2019-04-05,GBP,UYU,sell,43.972639
2019-04-05,HKD,UYU,buy,4.30011
2019-04-05,HKD,UYU,sell,4.30011
2019-04-05,HUF,UYU,buy,0.117896
2019-04-05,HUF,UYU,sell,0.117896
2019-04-05,INR,UYU,buy,0.487604
2019-04-05,INR,UYU,sell,0.487604
2019-04-05,ISK,UYU,buy,0.283429
2019-04-05,ISK,UYU,sell,0.283429
2019-04-05,JPY,UYU,buy,0.302193
2019-04-05,JPY,UYU,sell,0.302193
2019-04-05,KRW,UYU,buy,0.029711
2019-04-05,KRW,UYU,sell,0.029711
2019-04-05,MXN,UYU,buy,1.769673
2019-04-05,MXN,UYU,sell,1.769673
2019-04-05,MYR,UYU,buy,8.256084
2019-04-05,MYR,UYU,sell,8.256084
2019-04-05,NOK,UYU,buy,3.919804
2019-04-05,NOK,UYU,sell,3.919804
2019-04-05,NZD,UYU,buy,22.708676
2019-04-05,NZD,UYU,sell,22.708676
2019-04-05,PEN,UYU,buy,10.245708
2019-04-05,PEN,UYU,sell,10.245708
2019-04-05,PYG,UYU,buy,0.005448
2019-04-05,PYG,UYU,sell,0.005448
2019-04-05,RUB,UYU,buy,0.517061
2019-04-05,RUB,UYU,sell,0.517061
2019-04-05,SEK,UYU,buy,3.630487
2019-04-05,SEK,UYU,sell,3.630487
2019-04-05,TRY,UYU,buy,5.997104
2019-04-05,TRY,UYU,sell,5.997104
2019-04-05,USD,UYU,buy,33.755
2019-04-05,USD,UYU,sell,33.755
2019-04-05,VES,UYU,buy,0.01024
2019-04-05,VES,UYU,sell,0.01024
2019-04-05,XDR,UYU,buy,46.821223
2019-04-05,XDR,UYU,sell,46.821223
2019-04-05,ZAR,UYU,buy,2.398011
2019-04-05,ZAR,UYU,sell,2.398011
2019-04-08,ARS,UYU,buy,0.773139
2019-04-08,ARS,UYU,sell,0.773139
2019-04-08,AUD,UYU,buy,24.07688
2019-04-08,AUD,UYU,sell,24.07688
2019-04-08,BRL,UYU,buy,8.786965
2019-04-08,BRL,UYU,sell,8.786965
2019-04-08,CAD,UYU,buy,25.378404
2019-04-08,CAD,UYU,sell,25.378404
2019-04-08,CHF,UYU,buy,33.810358
2019-04-08,CHF,UYU,sell,33.810358
2019-04-08,CLP,UYU,buy,0.050904
2019-04-08,CLP,UYU,sell,0.050904
2019-04-08,CNY,UYU,buy,5.030224
2019-04-08,CNY,UYU,sell,5.030224
2019-04-08,COP,UYU,buy,0.010845
2019-04-08,COP,UYU,sell,0.010845
2019-04-08,DKK,UYU,buy,5.096469
2019-04-08,DKK,UYU,sell,5.096469
2019-04-08,EUR,UYU,buy,38.045288
2019-04-08,EUR,UYU,sell,38.045288
2019-04-08,GBP,UYU,buy,44.141792
2019-04-08,GBP,UYU,sell,44.141792
2019-04-08,HKD,UYU,buy,4.305165
2019-04-08,HKD,UYU,sell,4.305165
2019-04-08,HUF,UYU,buy,0.118439
2019-04-08,HUF,UYU,sell,0.118439
2019-04-08,INR,UYU,buy,0.484903
2019-04-08,INR,UYU,sell,0.484903
2019-04-08,ISK,UYU,buy,0.284349
2019-04-08,ISK,UYU,sell,0.284349
2019-04-08,JPY,UYU,buy,0.302963
2019-04-08,JPY,UYU,sell,0.302963
2019-04-08,KRW,UYU,buy,0.029512
2019-04-08,KRW,UYU,sell,0.029512
2019-04-08,MXN,UYU,buy,1.781228
2019-04-08,MXN,UYU,sell,1.781228
2019-04-08,MYR,UYU,buy,8.244768
2019-04-08,MYR,UYU,sell,8.244768
2019-04-08,NOK,UYU,buy,3.953913
2019-04-08,NOK,UYU,sell,3.953913
2019-04-08,NZD,UYU,buy,22.776158
2019-04-08,NZD,UYU,sell,22.776158
2019-04-08,PEN,UYU,buy,10.2729
2019-04-08,PEN,UYU,sell,10.2729
2019-04-08,PYG,UYU,buy,0.005449
2019-04-08,PYG,UYU,sell,0.005449
2019-04-08,RUB,UYU,buy,0.520884
2019-04-08,RUB,UYU,sell,0.520884
2019-04-08,SEK,UYU,buy,3.648626
2019-04-08,SEK,UYU,sell,3.648626
2019-04-08,TRY,UYU,buy,5.939436
2019-04-08,TRY,UYU,sell,5.939436
2019-04-08,USD,UYU,buy,33.785
2019-04-08,USD,UYU,sell,33.785
2019-04-08,VES,UYU,buy,0.010244
2019-04-08,VES,UYU,sell,0.010244
2019-04-08,XDR,UYU,buy,46.881417
2019-04-08,XDR,UYU,sell,46.881417
2019-04-08,ZAR,UYU,buy,2.392722
2019-04-08,ZAR,UYU,sell,2.392722
2019-04-09,ARS,UYU,buy,0.782253
2019-04-09,ARS,UYU,sell,0.782253
2019-04-09,AUD,UYU,buy,24.18466
2019-04-09,AUD,UYU,sell,24.18466
2019-04-09,BRL,UYU,buy,8.805895
2019-04-09,BRL,UYU,sell,8.805895
2019-04-09,CAD,UYU,buy,25.474537
2019-04-09,CAD,UYU,sell,25.474537
2019-04-09,CHF,UYU,buy,33.95628
2019-04-09,CHF,UYU,sell,33.95628
2019-04-09,CLP,UYU,buy,0.05112
2019-04-09,CLP,UYU,sell,0.05112
2019-04-09,CNY,UYU,buy,5.056839
2019-04-09,CNY,UYU,sell,5.056839
2019-04-09,COP,UYU,buy,0.010937
2019-04-09,COP,UYU,sell,0.010937
2019-04-09,DKK,UYU,buy,5.121894
2019-04-09,DKK,UYU,sell,5.121894
2019-04-09,EUR,UYU,buy,38.239627
2019-04-09,EUR,UYU,sell,38.239627
2019-04-09,GBP,UYU,buy,44.267549
2019-04-09,GBP,UYU,sell,44.267549
2019-04-09,HKD,UYU,buy,4.328105
2019-04-09,HKD,UYU,sell,4.328105
2019-04-09,HUF,UYU,buy,0.118591
2019-04-09,HUF,UYU,sell,0.118591
2019-04-09,INR,UYU,buy,0.489804
2019-04-09,INR,UYU,sell,0.489804
2019-04-09,ISK,UYU,buy,0.285398
2019-04-09,ISK,UYU,sell,0.285398
2019-04-09,JPY,UYU,buy,0.305458
2019-04-09,JPY,UYU,sell,0.305458
2019-04-09,KRW,UYU,buy,0.029715
2019-04-09,KRW,UYU,sell,0.029715
2019-04-09,MXN,UYU,buy,1.792993
2019-04-09,MXN,UYU,sell,1.792993
2019-04-09,MYR,UYU,buy,8.291438
2019-04-09,MYR,UYU,sell,8.291438
2019-04-09,NOK,UYU,buy,3.970265
2019-04-09,NOK,UYU,sell,3.970265
2019-04-09,NZD,UYU,buy,22.881325
2019-04-09,NZD,UYU,sell,22.881325
2019-04-09,PEN,UYU,buy,10.301383
2019-04-09,PEN,UYU,sell,10.301383
2019-04-09,PYG,UYU,buy,0.005472
2019-04-09,PYG,UYU,sell,0.005472
2019-04-09,RUB,UYU,buy,0.522718
2019-04-09,RUB,UYU,sell,0.522718
2019-04-09,SEK,UYU,buy,3.667652
2019-04-09,SEK,UYU,sell,3.667652
2019-04-09,TRY,UYU,buy,5.957906
2019-04-09,TRY,UYU,sell,5.957906
2019-04-09,USD,UYU,buy,33.941
2019-04-09,USD,UYU,sell,33.941
2019-04-09,VES,UYU,buy,0.010272
2019-04-09,VES,UYU,sell,0.010272
2019-04-09,XDR,UYU,buy,47.162038
2019-04-09,XDR,UYU,sell,47.162038
2019-04-09,ZAR,UYU,buy,2.411619
2019-04-09,ZAR,UYU,sell,2.411619
2019-04-10,ARS,UYU,buy,0.788234
2019-04-10,ARS,UYU,sell,0.788234
2019-04-10,AUD,UYU,buy,24.289418
2019-04-10,AUD,UYU,sell,24.289418
2019-04-10,BRL,UYU,buy,8.875766
2019-04-10,BRL,UYU,sell,8.875766
2019-04-10,CAD,UYU,buy,25.44424
2019-04-10,CAD,UYU,sell,25.44424
2019-04-10,CHF,UYU,buy,33.803421
2019-04-10,CHF,UYU,sell,33.803421
2019-04-10,CLP,UYU,buy,0.051189
2019-04-10,CLP,UYU,sell,0.051189
2019-04-10,CNY,UYU,buy,5.046605
2019-04-10,CNY,UYU,sell,5.046605
2019-04-10,COP,UYU,buy,0.010947
2019-04-10,COP,UYU,sell,0.010947
2019-04-10,DKK,UYU,buy,5.117431
2019-04-10,DKK,UYU,sell,5.117431
2019-04-10,EUR,UYU,buy,38.204189
2019-04-10,EUR,UYU,sell,38.204189
2019-04-10,GBP,UYU,buy,44.347296
2019-04-10,GBP,UYU,sell,44.347296
2019-04-10,HKD,UYU,buy,4.324576
2019-04-10,HKD,UYU,sell,4.324576
2019-04-10,HUF,UYU,buy,0.118876
2019-04-10,HUF,UYU,sell,0.118876
2019-04-10,INR,UYU,buy,0.490386
2019-04-10,INR,UYU,sell,0.490386
2019-04-10,ISK,UYU,buy,0.282594
2019-04-10,ISK,UYU,sell,0.282594
2019-04-10,JPY,UYU,buy,0.305411
2019-04-10,JPY,UYU,sell,0.305411
2019-04-10,KRW,UYU,buy,0.029761
2019-04-10,KRW,UYU,sell,0.029761
2019-04-10,MXN,UYU,buy,1.798681
2019-04-10,MXN,UYU,sell,1.798681
2019-04-10,MYR,UYU,buy,8.250487
2019-04-10,MYR,UYU,sell,8.250487
2019-04-10,NOK,UYU,buy,3.988585
2019-04-10,NOK,UYU,sell,3.988585
2019-04-10,NZD,UYU,buy,22.916752
2019-04-10,NZD,UYU,sell,22.916752
2019-04-10,PEN,UYU,buy,10.287908
2019-04-10,PEN,UYU,sell,10.287908
2019-04-10,PYG,UYU,buy,0.005452
2019-04-10,PYG,UYU,sell,0.005452
2019-04-10,RUB,UYU,buy,0.527128
2019-04-10,RUB,UYU,sell,0.527128
2019-04-10,SEK,UYU,buy,3.659795
2019-04-10,SEK,UYU,sell,3.659795
2019-04-10,TRY,UYU,buy,5.957899
2019-04-10,TRY,UYU,sell,5.957899
2019-04-10,USD,UYU,buy,33.893
2019-04-10,USD,UYU,sell,33.893
2019-04-10,VES,UYU,buy,0.010255
2019-04-10,VES,UYU,sell,0.010255
2019-04-10,XDR,UYU,buy,47.086189
2019-04-10,XDR,UYU,sell,47.086189
2019-04-10,ZAR,UYU,buy,2.433819
2019-04-10,ZAR,UYU,sell,2.433819
2019-04-11,ARS,UYU,buy,0.798672
2019-04-11,ARS,UYU,sell,0.798672
2019-04-11,AUD,UYU,buy,24.299136
2019-04-11,AUD,UYU,sell,24.299136
2019-04-11,BRL,UYU,buy,8.836758
2019-04-11,BRL,UYU,sell,8.836758
2019-04-11,CAD,UYU,buy,25.511493
2019-04-11,CAD,UYU,sell,25.511493
2019-04-11,CHF,UYU,buy,34.007274
2019-04-11,CHF,UYU,sell,34.007274
2019-04-11,CLP,UYU,buy,0.05131
2019-04-11,CLP,UYU,sell,0.05131
2019-04-11,CNY,UYU,buy,5.079024
2019-04-11,CNY,UYU,sell,5.079024
2019-04-11,COP,UYU,buy,0.010939
2019-04-11,COP,UYU,sell,0.010939
2019-04-11,DKK,UYU,buy,5.146037
2019-04-11,DKK,UYU,sell,5.146037
2019-04-11,EUR,UYU,buy,38.414476
2019-04-11,EUR,UYU,sell,38.414476
2019-04-11,GBP,UYU,buy,44.550691
2019-04-11,GBP,UYU,sell,44.550691
2019-04-11,HKD,UYU,buy,4.351396
2019-04-11,HKD,UYU,sell,4.351396
2019-04-11,HUF,UYU,buy,0.119236
2019-04-11,HUF,UYU,sell,0.119236
2019-04-11,INR,UYU,buy,0.495138
2019-04-11,INR,UYU,sell,0.495138
2019-04-11,ISK,UYU,buy,0.284186
2019-04-11,ISK,UYU,sell,0.284186
2019-04-11,JPY,UYU,buy,0.305573
2019-04-11,JPY,UYU,sell,0.305573
2019-04-11,KRW,UYU,buy,0.029959
2019-04-11,KRW,UYU,sell,0.029959
2019-04-11,MXN,UYU,buy,1.810235
2019-04-11,MXN,UYU,sell,1.810235
2019-04-11,MYR,UYU,buy,8.297089
2019-04-11,MYR,UYU,sell,8.297089
2019-04-11,NOK,UYU,buy,3.996978
2019-04-11,NOK,UYU,sell,3.996978
2019-04-11,NZD,UYU,buy,22.959612
2019-04-11,NZD,UYU,sell,22.959612
2019-04-11,PEN,UYU,buy,10.345266
2019-04-11,PEN,UYU,sell,10.345266
2019-04-11,PYG,UYU,buy,0.005488
2019-04-11,PYG,UYU,sell,0.005488
2019-04-11,RUB,UYU,buy,0.528262
2019-04-11,RUB,UYU,sell,0.528262
2019-04-11,SEK,UYU,buy,3.674616
2019-04-11,SEK,UYU,sell,3.674616
2019-04-11,TRY,UYU,buy,5.954669
2019-04-11,TRY,UYU,sell,5.954669
2019-04-11,USD,UYU,buy,34.128
2019-04-11,USD,UYU,sell,34.128
2019-04-11,VES,UYU,buy,0.010318
2019-04-11,VES,UYU,sell,0.010318
2019-04-11,XDR,UYU,buy,47.433142
2019-04-11,XDR,UYU,sell,47.433142
2019-04-11,ZAR,UYU,buy,2.43567
2019-04-11,ZAR,UYU,sell,2.43567
2019-04-12,ARS,UYU,buy,0.807488
2019-04-12,ARS,UYU,sell,0.807488
2019-04-12,AUD,UYU,buy,24.435273
2019-04-12,AUD,UYU,sell,24.435273
2019-04-12,BRL,UYU,buy,8.778037
2019-04-12,BRL,UYU,sell,8.778037
2019-04-12,CAD,UYU,buy,25.550681
2019-04-12,CAD,UYU,sell,25.550681
2019-04-12,CHF,UYU,buy,33.967795
2019-04-12,CHF,UYU,sell,33.967795
2019-04-12,CLP,UYU,buy,0.051538
2019-04-12,CLP,UYU,sell,0.051538
2019-04-12,CNY,UYU,buy,5.082045
2019-04-12,CNY,UYU,sell,5.082045
2019-04-12,COP,UYU,buy,0.010935
2019-04-12,COP,UYU,sell,0.010935
2019-04-12,DKK,UYU,buy,5.156427
2019-04-12,DKK,UYU,sell,5.156427
2019-04-12,EUR,UYU,buy,38.484916
2019-04-12,EUR,UYU,sell,38.484916
2019-04-12,GBP,UYU,buy,44.537096
2019-04-12,GBP,UYU,sell,44.537096
2019-04-12,HKD,UYU,buy,4.343912
2019-04-12,HKD,UYU,sell,4.343912
2019-04-12,HUF,UYU,buy,0.119702
2019-04-12,HUF,UYU,sell,0.119702
2019-04-12,INR,UYU,buy,0.49249
2019-04-12,INR,UYU,sell,0.49249
2019-04-12,ISK,UYU,buy,0.284659
2019-04-12,ISK,UYU,sell,0.284659
2019-04-12,JPY,UYU,buy,0.304056
2019-04-12,JPY,UYU,sell,0.304056
2019-04-12,KRW,UYU,buy,0.029897
2019-04-12,KRW,UYU,sell,0.029897
2019-04-12,MXN,UYU,buy,1.816786
2019-04-12,MXN,UYU,sell,1.816786
2019-04-12,MYR,UYU,buy,8.280489
2019-04-12,MYR,UYU,sell,8.280489
2019-04-12,NOK,UYU,buy,4.008047
2019-04-12,NOK,UYU,sell,4.008047
2019-04-12,NZD,UYU,buy,23.058926
2019-04-12,NZD,UYU,sell,23.058926
2019-04-12,PEN,UYU,buy,10.330836
2019-04-12,PEN,UYU,sell,10.330836
2019-04-12,PYG,UYU,buy,0.005484
2019-04-12,PYG,UYU,sell,0.005484
2019-04-12,RUB,UYU,buy,0.529407
2019-04-12,RUB,UYU,sell,0.529407
2019-04-12,SEK,UYU,buy,3.674645
2019-04-12,SEK,UYU,sell,3.674645
2019-04-12,TRY,UYU,buy,5.902593
2019-04-12,TRY,UYU,sell,5.902593
2019-04-12,USD,UYU,buy,34.068
2019-04-12,USD,UYU,sell,34.068
2019-04-12,VES,UYU,buy,0.010292
2019-04-12,VES,UYU,sell,0.010292
2019-04-12,XDR,UYU,buy,47.364059
2019-04-12,XDR,UYU,sell,47.364059
2019-04-12,ZAR,UYU,buy,2.438663
2019-04-12,ZAR,UYU,sell,2.438663
2019-04-15,ARS,UYU,buy,0.818072
2019-04-15,ARS,UYU,sell,0.818072
2019-04-15,AUD,UYU,buy,24.428637
2019-04-15,AUD,UYU,sell,24.428637
2019-04-15,BRL,UYU,buy,8.804375
2019-04-15,BRL,UYU,sell,8.804375
2019-04-15,CAD,UYU,buy,25.459031
2019-04-15,CAD,UYU,sell,25.459031
2019-04-15,CHF,UYU,buy,33.906507
2019-04-15,CHF,UYU,sell,33.906507
2019-04-15,CLP,UYU,buy,0.051344
2019-04-15,CLP,UYU,sell,0.051344
2019-04-15,CNY,UYU,buy,5.076095
2019-04-15,CNY,UYU,sell,5.076095
2019-04-15,COP,UYU,buy,0.010846
2019-04-15,COP,UYU,sell,0.010846
2019-04-15,DKK,UYU,buy,5.155635
2019-04-15,DKK,UYU,sell,5.155635
2019-04-15,EUR,UYU,buy,38.484425
2019-04-15,EUR,UYU,sell,38.484425
2019-04-15,GBP,UYU,buy,44.59201
2019-04-15,GBP,UYU,sell,44.59201
2019-04-15,HKD,UYU,buy,4.34426
2019-04-15,HKD,UYU,sell,4.34426
2019-04-15,HUF,UYU,buy,0.120102
2019-04-15,HUF,UYU,sell,0.120102
2019-04-15,INR,UYU,buy,0.490541
2019-04-15,INR,UYU,sell,0.490541
2019-04-15,ISK,UYU,buy,0.28383
2019-04-15,ISK,UYU,sell,0.28383
2019-04-15,JPY,UYU,buy,0.304067
2019-04-15,JPY,UYU,sell,0.304067
2019-04-15,KRW,UYU,buy,0.030054
2019-04-15,KRW,UYU,sell,0.030054
2019-04-15,MXN,UYU,buy,1.803665
2019-04-15,MXN,UYU,sell,1.803665
2019-04-15,MYR,UYU,buy,8.28867
2019-04-15,MYR,UYU,sell,8.28867
2019-04-15,NOK,UYU,buy,4.007296
2019-04-15,NOK,UYU,sell,4.007296
2019-04-15,NZD,UYU,buy,23.022207
2019-04-15,NZD,UYU,sell,23.022207
2019-04-15,PEN,UYU,buy,10.335523
2019-04-15,PEN,UYU,sell,10.335523
2019-04-15,PYG,UYU,buy,0.005479
2019-04-15,PYG,UYU,sell,0.005479
2019-04-15,RUB,UYU,buy,0.529428
2019-04-15,RUB,UYU,sell,0.529428
2019-04-15,SEK,UYU,buy,3.673551
2019-04-15,SEK,UYU,sell,3.673551
2019-04-15,TRY,UYU,buy,5.869911
2019-04-15,TRY,UYU,sell,5.869911
2019-04-15,USD,UYU,buy,34.054
2019-04-15,USD,UYU,sell,34.054
2019-04-15,VES,UYU,buy,0.010273
2019-04-15,VES,UYU,sell,0.010273
2019-04-15,XDR,UYU,buy,47.352428
2019-04-15,XDR,UYU,sell,47.352428
2019-04-15,ZAR,UYU,buy,2.426008
2019-04-15,ZAR,UYU,sell,2.426008
2019-04-16,ARS,UYU,buy,0.808114
2019-04-16,ARS,UYU,sell,0.808114
2019-04-16,AUD,UYU,buy,24.547717
2019-04-16,AUD,UYU,sell,24.547717
2019-04-16,BRL,UYU,buy,8.779762
2019-04-16,BRL,UYU,sell,8.779762
2019-04-16,CAD,UYU,buy,25.622403
2019-04-16,CAD,UYU,sell,25.622403
2019-04-16,CHF,UYU,buy,33.970318
2019-04-16,CHF,UYU,sell,33.970318
2019-04-16,CLP,UYU,buy,0.051637
2019-04-16,CLP,UYU,sell,0.051637
2019-04-16,CNY,UYU,buy,5.098179
2019-04-16,CNY,UYU,sell,5.098179
2019-04-16,COP,UYU,buy,0.010817
2019-04-16,COP,UYU,sell,0.010817
2019-04-16,DKK,UYU,buy,5.176691
2019-04-16,DKK,UYU,sell,5.176691
2019-04-16,EUR,UYU,buy,38.627536
2019-04-16,EUR,UYU,sell,38.627536
2019-04-16,GBP,UYU,buy,44.655389
2019-04-16,GBP,UYU,sell,44.655389
2019-04-16,HKD,UYU,buy,4.363293
2019-04-16,HKD,UYU,sell,4.363293
2019-04-16,HUF,UYU,buy,0.120771
2019-04-16,HUF,UYU,sell,0.120771
2019-04-16,INR,UYU,buy,0.491605
2019-04-16,INR,UYU,sell,0.491605
2019-04-16,ISK,UYU,buy,0.284869
2019-04-16,ISK,UYU,sell,0.284869
2019-04-16,JPY,UYU,buy,0.305562
2019-04-16,JPY,UYU,sell,0.305562
2019-04-16,KRW,UYU,buy,0.03013
2019-04-16,KRW,UYU,sell,0.03013
2019-04-16,MXN,UYU,buy,1.813754
2019-04-16,MXN,UYU,sell,1.813754
2019-04-16,MYR,UYU,buy,8.280702
2019-04-16,MYR,UYU,sell,8.280702
2019-04-16,NOK,UYU,buy,4.035782
2019-04-16,NOK,UYU,sell,4.035782
2019-04-16,NZD,UYU,buy,23.127587
2019-04-16,NZD,UYU,sell,23.127587
2019-04-16,PEN,UYU,buy,10.380391
2019-04-16,PEN,UYU,sell,10.380391
2019-04-16,PYG,UYU,buy,0.005502
2019-04-16,PYG,UYU,sell,0.005502
2019-04-16,RUB,UYU,buy,0.53377
2019-04-16,RUB,UYU,sell,0.53377
2019-04-16,SEK,UYU,buy,3.69908
2019-04-16,SEK,UYU,sell,3.69908
2019-04-16,TRY,UYU,buy,5.934069
2019-04-16,TRY,UYU,sell,5.934069
2019-04-16,USD,UYU,buy,34.22
2019-04-16,USD,UYU,sell,34.22
2019-04-16,VES,UYU,buy,0.010323
2019-04-16,VES,UYU,sell,0.010323
2019-04-16,XDR,UYU,buy,47.564773
2019-04-16,XDR,UYU,sell,47.564773
2019-04-16,ZAR,UYU,buy,2.440512
2019-04-16,ZAR,UYU,sell,2.440512
2019-04-17,ARS,UYU,buy,0.818129
2019-04-17,ARS,UYU,sell,0.818129
2019-04-17,AUD,UYU,buy,24.55466
2019-04-17,AUD,UYU,sell,24.55466
2019-04-17,BRL,UYU,buy,8.708943
2019-04-17,BRL,UYU,sell,8.708943
2019-04-17,CAD,UYU,buy,25.665355
2019-04-17,CAD,UYU,sell,25.665355
2019-04-17,CHF,UYU,buy,33.889851
2019-04-17,CHF,UYU,sell,33.889851
2019-04-17,CLP,UYU,buy,0.051782
2019-04-17,CLP,UYU,sell,0.051782
2019-04-17,CNY,UYU,buy,5.120138
2019-04-17,CNY,UYU,sell,5.120138
2019-04-17,COP,UYU,buy,0.010845
2019-04-17,COP,UYU,sell,0.010845
2019-04-17,DKK,UYU,buy,5.183066
2019-04-17,DKK,UYU,sell,5.183066
2019-04-17,EUR,UYU,buy,38.692295
2019-04-17,EUR,UYU,sell,38.692295
2019-04-17,GBP,UYU,buy,44.655888
2019-04-17,GBP,UYU,sell,44.655888
2019-04-17,HKD,UYU,buy,4.364934
2019-04-17,HKD,UYU,sell,4.364934
2019-04-17,HUF,UYU,buy,0.121157
2019-04-17,HUF,UYU,sell,0.121157
2019-04-17,INR,UYU,buy,0.49195
2019-04-17,INR,UYU,sell,0.49195
2019-04-17,ISK,UYU,buy,0.28539
2019-04-17,ISK,UYU,sell,0.28539
2019-04-17,JPY,UYU,buy,0.305559
2019-04-17,JPY,UYU,sell,0.305559
2019-04-17,KRW,UYU,buy,0.030175
2019-04-17,KRW,UYU,sell,0.030175
2019-04-17,MXN,UYU,buy,1.819641
2019-04-17,MXN,UYU,sell,1.819641
2019-04-17,MYR,UYU,buy,8.282501
2019-04-17,MYR,UYU,sell,8.282501
2019-04-17,NOK,UYU,buy,4.032169
2019-04-17,NOK,UYU,sell,4.032169
2019-04-17,NZD,UYU,buy,23.01368
2019-04-17,NZD,UYU,sell,23.01368
2019-04-17,PEN,UYU,buy,10.383892
2019-04-17,PEN,UYU,sell,10.383892
2019-04-17,PYG,UYU,buy,0.005486
2019-04-17,PYG,UYU,sell,0.005486
2019-04-17,RUB,UYU,buy,0.536209
2019-04-17,RUB,UYU,sell,0.536209
2019-04-17,SEK,UYU,buy,3.704016
2019-04-17,SEK,UYU,sell,3.704016
2019-04-17,TRY,UYU,buy,5.962321
2019-04-17,TRY,UYU,sell,5.962321
2019-04-17,USD,UYU,buy,34.244
2019-04-17,USD,UYU,sell,34.244
2019-04-17,VES,UYU,buy,0.010331
2019-04-17,VES,UYU,sell,0.010331
2019-04-17,XDR,UYU,buy,47.613542
2019-04-17,XDR,UYU,sell,47.613542
2019-04-17,ZAR,UYU,buy,2.447757
2019-04-17,ZAR,UYU,sell,2.447757
2019-04-23,ARS,UYU,buy,0.813493
2019-04-23,ARS,UYU,sell,0.813493
2019-04-23,AUD,UYU,buy,24.470447
2019-04-23,AUD,UYU,sell,24.470447
2019-04-23,BRL,UYU,buy,8.806208
2019-04-23,BRL,UYU,sell,8.806208
2019-04-23,CAD,UYU,buy,25.668366
2019-04-23,CAD,UYU,sell,25.668366
2019-04-23,CHF,UYU,buy,33.812301
2019-04-23,CHF,UYU,sell,33.812301
2019-04-23,CLP,UYU,buy,0.051652
2019-04-23,CLP,UYU,sell,0.051652
2019-04-23,CNY,UYU,buy,5.128979
2019-04-23,CNY,UYU,sell,5.128979
2019-04-23,COP,UYU,buy,0.010847
2019-04-23,COP,UYU,sell,0.010847
2019-04-23,DKK,UYU,buy,5.182142
2019-04-23,DKK,UYU,sell,5.182142
2019-04-23,EUR,UYU,buy,38.691835
2019-04-23,EUR,UYU,sell,38.691835
2019-04-23,GBP,UYU,buy,44.628769
2019-04-23,GBP,UYU,sell,44.628769
2019-04-23,HKD,UYU,buy,4.398921
2019-04-23,HKD,UYU,sell,4.398921
2019-04-23,HUF,UYU,buy,0.120686
2019-04-23,HUF,UYU,sell,0.120686
2019-04-23,INR,UYU,buy,0.495424
2019-04-23,INR,UYU,sell,0.495424
2019-04-23,ISK,UYU,buy,0.284899
2019-04-23,ISK,UYU,sell,0.284899
2019-04-23,JPY,UYU,buy,0.30849
2019-04-23,JPY,UYU,sell,0.30849
2019-04-23,KRW,UYU,buy,0.030213
2019-04-23,KRW,UYU,sell,0.030213
2019-04-23,MXN,UYU,buy,1.820994
2019-04-23,MXN,UYU,sell,1.820994
2019-04-23,MYR,UYU,buy,8.357338
2019-04-23,MYR,UYU,sell,8.357338
2019-04-23,NOK,UYU,buy,4.031978
2019-04-23,NOK,UYU,sell,4.031978
2019-04-23,NZD,UYU,buy,22.931881
2019-04-23,NZD,UYU,sell,22.931881
2019-04-23,PEN,UYU,buy,10.41749
2019-04-23,PEN,UYU,sell,10.41749
2019-04-23,PYG,UYU,buy,0.005514
2019-04-23,PYG,UYU,sell,0.005514
2019-04-23,RUB,UYU,buy,0.5417
2019-04-23,RUB,UYU,sell,0.5417
2019-04-23,SEK,UYU,buy,3.683098
2019-04-23,SEK,UYU,sell,3.683098
2019-04-23,TRY,UYU,buy,5.910461
2019-04-23,TRY,UYU,sell,5.910461
2019-04-23,USD,UYU,buy,34.497
2019-04-23,USD,UYU,sell,34.497
2019-04-23,VES,UYU,buy,0.006642
2019-04-23,VES,UYU,sell,0.006642
2019-04-23,XDR,UYU,buy,47.854238
2019-04-23,XDR,UYU,sell,47.854238
2019-04-23,ZAR,UYU,buy,2.414911
2019-04-23,ZAR,UYU,sell,2.414911
2019-04-24,ARS,UYU,buy,0.785371
2019-04-24,ARS,UYU,sell,0.785371
2019-04-24,AUD,UYU,buy,24.181157
2019-04-24,AUD,UYU,sell,24.181157
2019-04-24,BRL,UYU,buy,8.648256
2019-04-24,BRL,UYU,sell,8.648256
2019-04-24,CAD,UYU,buy,25.584757
2019-04-24,CAD,UYU,sell,25.584757
2019-04-24,CHF,UYU,buy,33.778691
2019-04-24,CHF,UYU,sell,33.778691
2019-04-24,CLP,UYU,buy,0.051293
2019-04-24,CLP,UYU,sell,0.051293
2019-04-24,CNY,UYU,buy,5.133965
2019-04-24,CNY,UYU,sell,5.133965
2019-04-24,COP,UYU,buy,0.010717
2019-04-24,COP,UYU,sell,0.010717
2019-04-24,DKK,UYU,buy,5.150862
2019-04-24,DKK,UYU,sell,5.150862
2019-04-24,EUR,UYU,buy,38.459669
2019-04-24,EUR,UYU,sell,38.459669
2019-04-24,GBP,UYU,buy,44.535155
2019-04-24,GBP,UYU,sell,44.535155
2019-04-24,HKD,UYU,buy,4.400326
2019-04-24,HKD,UYU,sell,4.400326
2019-04-24,HUF,UYU,buy,0.119542
2019-04-24,HUF,UYU,sell,0.119542
2019-04-24,INR,UYU,buy,0.493917
2019-04-24,INR,UYU,sell,0.493917
2019-04-24,ISK,UYU,buy,0.282787
2019-04-24,ISK,UYU,sell,0.282787
2019-04-24,JPY,UYU,buy,0.307151
2019-04-24,JPY,UYU,sell,0.307151
2019-04-24,KRW,UYU,buy,0.029989
2019-04-24,KRW,UYU,sell,0.029989
2019-04-24,MXN,UYU,buy,1.808544
2019-04-24,MXN,UYU,sell,1.808544
2019-04-24,MYR,UYU,buy,8.358462
2019-04-24,MYR,UYU,sell,8.358462
2019-04-24,NOK,UYU,buy,3.992018
2019-04-24,NOK,UYU,sell,3.992018
2019-04-24,NZD,UYU,buy,22.719659
2019-04-24,NZD,UYU,sell,22.719659
2019-04-24,PEN,UYU,buy,10.381132
2019-04-24,PEN,UYU,sell,10.381132
2019-04-24,PYG,UYU,buy,0.005502
2019-04-24,PYG,UYU,sell,0.005502
2019-04-24,RUB,UYU,buy,0.535732
2019-04-24,RUB,UYU,sell,0.535732
2019-04-24,SEK,UYU,buy,3.656263
2019-04-24,SEK,UYU,sell,3.656263
2019-04-24,TRY,UYU,buy,5.872942
2019-04-24,TRY,UYU,sell,5.872942
2019-04-24,USD,UYU,buy,34.51
2019-04-24,USD,UYU,sell,34.51
2019-04-24,VES,UYU,buy,0.006644
2019-04-24,VES,UYU,sell,0.006644
2019-04-24,XDR,UYU,buy,47.792554
2019-04-24,XDR,UYU,sell,47.792554
2019-04-24,ZAR,UYU,buy,2.390137
2019-04-24,ZAR,UYU,sell,2.390137
2019-04-25,ARS,UYU,buy,0.769116
2019-04-25,ARS,UYU,sell,0.769116
2019-04-25,AUD,UYU,buy,24.285031
2019-04-25,AUD,UYU,sell,24.285031
2019-04-25,BRL,UYU,buy,8.752322
2019-04-25,BRL,UYU,sell,8.752322
2019-04-25,CAD,UYU,buy,25.681978
2019-04-25,CAD,UYU,sell,25.681978
2019-04-25,CHF,UYU,buy,33.925266
2019-04-25,CHF,UYU,sell,33.925266
2019-04-25,CLP,UYU,buy,0.051277
2019-04-25,CLP,UYU,sell,0.051277
2019-04-25,CNY,UYU,buy,5.136205
2019-04-25,CNY,UYU,sell,5.136205
2019-04-25,COP,UYU,buy,0.010708
2019-04-25,COP,UYU,sell,0.010708
2019-04-25,DKK,UYU,buy,5.163349
2019-04-25,DKK,UYU,sell,5.163349
2019-04-25,EUR,UYU,buy,38.551599
2019-04-25,EUR,UYU,sell,38.551599
2019-04-25,GBP,UYU,buy,44.657927
2019-04-25,GBP,UYU,sell,44.657927
2019-04-25,HKD,UYU,buy,4.415661
2019-04-25,HKD,UYU,sell,4.415661
2019-04-25,HUF,UYU,buy,0.119657
2019-04-25,HUF,UYU,sell,0.119657
2019-04-25,INR,UYU,buy,0.49296
2019-04-25,INR,UYU,sell,0.49296
2019-04-25,ISK,UYU,buy,0.283448
2019-04-25,ISK,UYU,sell,0.283448
2019-04-25,JPY,UYU,buy,0.310275
2019-04-25,JPY,UYU,sell,0.310275
2019-04-25,KRW,UYU,buy,0.029843
2019-04-25,KRW,UYU,sell,0.029843
2019-04-25,MXN,UYU,buy,1.819376
2019-04-25,MXN,UYU,sell,1.819376
2019-04-25,MYR,UYU,buy,8.372756
2019-04-25,MYR,UYU,sell,8.372756
2019-04-25,NOK,UYU,buy,3.992876
2019-04-25,NOK,UYU,sell,3.992876
2019-04-25,NZD,UYU,buy,22.942886
2019-04-25,NZD,UYU,sell,22.942886
2019-04-25,PEN,UYU,buy,10.409797
2019-04-25,PEN,UYU,sell,10.409797
2019-04-25,PYG,UYU,buy,0.005534
2019-04-25,PYG,UYU,sell,0.005534
2019-04-25,RUB,UYU,buy,0.535288
2019-04-25,RUB,UYU,sell,0.535288
2019-04-25,SEK,UYU,buy,3.630094
2019-04-25,SEK,UYU,sell,3.630094
2019-04-25,TRY,UYU,buy,5.835053
2019-04-25,TRY,UYU,sell,5.835053
2019-04-25,USD,UYU,buy,34.636
2019-04-25,USD,UYU,sell,34.636
2019-04-25,VES,UYU,buy,0.006667
2019-04-25,VES,UYU,sell,0.006667
2019-04-25,XDR,UYU,buy,47.819847
2019-04-25,XDR,UYU,sell,47.819847
2019-04-25,ZAR,UYU,buy,2.400377
2019-04-25,ZAR,UYU,sell,2.400377
2019-04-26,ARS,UYU,buy,0.754989
2019-04-26,ARS,UYU,sell,0.754989
2019-04-26,AUD,UYU,buy,24.394683
2019-04-26,AUD,UYU,sell,24.394683
2019-04-26,BRL,UYU,buy,8.815456
2019-04-26,BRL,UYU,sell,8.815456
2019-04-26,CAD,UYU,buy,25.750697
2019-04-26,CAD,UYU,sell,25.750697
2019-04-26,CHF,UYU,buy,33.996174
2019-04-26,CHF,UYU,sell,33.996174
2019-04-26,CLP,UYU,buy,0.051366
2019-04-26,CLP,UYU,sell,0.051366
2019-04-26,CNY,UYU,buy,5.150101
2019-04-26,CNY,UYU,sell,5.150101
2019-04-26,COP,UYU,buy,0.010732
2019-04-26,COP,UYU,sell,0.010732
2019-04-26,DKK,UYU,buy,5.177726
2019-04-26,DKK,UYU,sell,5.177726
2019-04-26,EUR,UYU,buy,38.651338
2019-04-26,EUR,UYU,sell,38.651338
2019-04-26,GBP,UYU,buy,44.788562
2019-04-26,GBP,UYU,sell,44.788562
2019-04-26,HKD,UYU,buy,4.418406
2019-04-26,HKD,UYU,sell,4.418406
2019-04-26,HUF,UYU,buy,0.119876
2019-04-26,HUF,UYU,sell,0.119876
2019-04-26,INR,UYU,buy,0.494925
2019-04-26,INR,UYU,sell,0.494925
2019-04-26,ISK,UYU,buy,0.283793
2019-04-26,ISK,UYU,sell,0.283793
2019-04-26,JPY,UYU,buy,0.310505
2019-04-26,JPY,UYU,sell,0.310505
2019-04-26,KRW,UYU,buy,0.029852
2019-04-26,KRW,UYU,sell,0.029852
2019-04-26,MXN,UYU,buy,1.830673
2019-04-26,MXN,UYU,sell,1.830673
2019-04-26,MYR,UYU,buy,8.387245
2019-04-26,MYR,UYU,sell,8.387245
2019-04-26,NOK,UYU,buy,3.990442
2019-04-26,NOK,UYU,sell,3.990442
2019-04-26,NZD,UYU,buy,23.088228
2019-04-26,NZD,UYU,sell,23.088228
2019-04-26,PEN,UYU,buy,10.451961
2019-04-26,PEN,UYU,sell,10.451961
2019-04-26,PYG,UYU,buy,0.005523
2019-04-26,PYG,UYU,sell,0.005523
2019-04-26,RUB,UYU,buy,0.534985
2019-04-26,RUB,UYU,sell,0.534985
2019-04-26,SEK,UYU,buy,3.64566
2019-04-26,SEK,UYU,sell,3.64566
2019-04-26,TRY,UYU,buy,5.836266
2019-04-26,TRY,UYU,sell,5.836266
2019-04-26,USD,UYU,buy,34.654
2019-04-26,USD,UYU,sell,34.654
2019-04-26,VES,UYU,buy,0.00667
2019-04-26,VES,UYU,sell,0.00667
2019-04-26,XDR,UYU,buy,47.87762
2019-04-26,XDR,UYU,sell,47.87762
2019-04-26,ZAR,UYU,buy,2.410923
2019-04-26,ZAR,UYU,sell,2.410923
2019-04-29,ARS,UYU,buy,0.781329
2019-04-29,ARS,UYU,sell,0.781329
2019-04-29,AUD,UYU,buy,24.450773
2019-04-29,AUD,UYU,sell,24.450773
2019-04-29,BRL,UYU,buy,8.798659
2019-04-29,BRL,UYU,sell,8.798659
2019-04-29,CAD,UYU,buy,25.766871
2019-04-29,CAD,UYU,sell,25.766871
2019-04-29,CHF,UYU,buy,33.968923
2019-04-29,CHF,UYU,sell,33.968923
2019-04-29,CLP,UYU,buy,0.050985
2019-04-29,CLP,UYU,sell,0.050985
2019-04-29,CNY,UYU,buy,5.145835
2019-04-29,CNY,UYU,sell,5.145835
2019-04-29,COP,UYU,buy,0.010652
2019-04-29,COP,UYU,sell,0.010652
2019-04-29,DKK,UYU,buy,5.190039
2019-04-29,DKK,UYU,sell,5.190039
2019-04-29,EUR,UYU,buy,38.74563
2019-04-29,EUR,UYU,sell,38.74563
2019-04-29,GBP,UYU,buy,44.80938
2019-04-29,GBP,UYU,sell,44.80938
2019-04-29,HKD,UYU,buy,4.417671
2019-04-29,HKD,UYU,sell,4.417671
2019-04-29,HUF,UYU,buy,0.119858
2019-04-29,HUF,UYU,sell,0.119858
2019-04-29,INR,UYU,buy,0.494867
2019-04-29,INR,UYU,sell,0.494867
2019-04-29,ISK,UYU,buy,0.284506
2019-04-29,ISK,UYU,sell,0.284506
2019-04-29,JPY,UYU,buy,0.310067
2019-04-29,JPY,UYU,sell,0.310067
2019-04-29,KRW,UYU,buy,0.029907
2019-04-29,KRW,UYU,sell,0.029907
2019-04-29,MXN,UYU,buy,1.823224
2019-04-29,MXN,UYU,sell,1.823224
2019-04-29,MYR,UYU,buy,8.38222
2019-04-29,MYR,UYU,sell,8.38222
2019-04-29,NOK,UYU,buy,4.00201
2019-04-29,NOK,UYU,sell,4.00201
2019-04-29,NZD,UYU,buy,23.101155
2019-04-29,NZD,UYU,sell,23.101155
2019-04-29,PEN,UYU,buy,10.46559
2019-04-29,PEN,UYU,sell,10.46559
2019-04-29,PYG,UYU,buy,0.005507
2019-04-29,PYG,UYU,sell,0.005507
2019-04-29,RUB,UYU,buy,0.537413
2019-04-29,RUB,UYU,sell,0.537413
2019-04-29,SEK,UYU,buy,3.642786
2019-04-29,SEK,UYU,sell,3.642786
2019-04-29,TRY,UYU,buy,5.822893
2019-04-29,TRY,UYU,sell,5.822893
2019-04-29,USD,UYU,buy,34.65
2019-04-29,USD,UYU,sell,34.65
2019-04-29,VES,UYU,buy,0.006669
2019-04-29,VES,UYU,sell,0.006669
2019-04-29,XDR,UYU,buy,47.899814
2019-04-29,XDR,UYU,sell,47.899814
2019-04-29,ZAR,UYU,buy,2.418046
2019-04-29,ZAR,UYU,sell,2.418046
2019-04-30,ARS,UYU,buy,0.791045
2019-04-30,ARS,UYU,sell,0.791045
2019-04-30,AUD,UYU,buy,24.663354
2019-04-30,AUD,UYU,sell,24.663354
2019-04-30,BRL,UYU,buy,8.920766
2019-04-30,BRL,UYU,sell,8.920766
2019-04-30,CAD,UYU,buy,26.119843
2019-04-30,CAD,UYU,sell,26.119843
2019-04-30,CHF,UYU,buy,34.330438
2019-04-30,CHF,UYU,sell,34.330438
2019-04-30,CLP,UYU,buy,0.051689
2019-04-30,CLP,UYU,sell,0.051689
2019-04-30,CNY,UYU,buy,5.194066
2019-04-30,CNY,UYU,sell,5.194066
2019-04-30,COP,UYU,buy,0.01082
2019-04-30,COP,UYU,sell,0.01082
2019-04-30,DKK,UYU,buy,5.256309
2019-04-30,DKK,UYU,sell,5.256309
2019-04-30,EUR,UYU,buy,39.246932
2019-04-30,EUR,UYU,sell,39.246932
2019-04-30,GBP,UYU,buy,45.60473
2019-04-30,GBP,UYU,sell,45.60473
2019-04-30,HKD,UYU,buy,4.459104
2019-04-30,HKD,UYU,sell,4.459104
2019-04-30,HUF,UYU,buy,0.121137
2019-04-30,HUF,UYU,sell,0.121137
2019-04-30,INR,UYU,buy,0.502844
2019-04-30,INR,UYU,sell,0.502844
2019-04-30,ISK,UYU,buy,0.28772
2019-04-30,ISK,UYU,sell,0.28772
2019-04-30,JPY,UYU,buy,0.314195
2019-04-30,JPY,UYU,sell,0.314195
2019-04-30,KRW,UYU,buy,0.029946
2019-04-30,KRW,UYU,sell,0.029946
2019-04-30,MXN,UYU,buy,1.847118
2019-04-30,MXN,UYU,sell,1.847118
2019-04-30,MYR,UYU,buy,8.460245
2019-04-30,MYR,UYU,sell,8.460245
2019-04-30,NOK,UYU,buy,4.054734
2019-04-30,NOK,UYU,sell,4.054734
2019-04-30,NZD,UYU,buy,23.358563
2019-04-30,NZD,UYU,sell,23.358563
2019-04-30,PEN,UYU,buy,10.580584
2019-04-30,PEN,UYU,sell,10.580584
2019-04-30,PYG,UYU,buy,0.005565
2019-04-30,PYG,UYU,sell,0.005565
2019-04-30,RUB,UYU,buy,0.541123
2019-04-30,RUB,UYU,sell,0.541123
2019-04-30,SEK,UYU,buy,3.686188
2019-04-30,SEK,UYU,sell,3.686188
2019-04-30,TRY,UYU,buy,5.862262
2019-04-30,TRY,UYU,sell,5.862262
2019-04-30,USD,UYU,buy,34.981
2019-04-30,USD,UYU,sell,34.981
2019-04-30,VES,UYU,buy,0.006732
2019-04-30,VES,UYU,sell,0.006732
2019-04-30,XDR,UYU,buy,48.475271
2019-04-30,XDR,UYU,sell,48.475271
2019-04-30,ZAR,UYU,buy,2.446617
2019-04-30,ZAR,UYU,sell,2.446617
2019-05-02,ARS,UYU,buy,0.783964
2019-05-02,ARS,UYU,sell,0.783964
2019-05-02,AUD,UYU,buy,24.56368
2019-05-02,AUD,UYU,sell,24.56368
2019-05-02,BRL,UYU,buy,8.854498
2019-05-02,BRL,UYU,sell,8.854498
2019-05-02,CAD,UYU,buy,26.059616
2019-05-02,CAD,UYU,sell,26.059616
2019-05-02,CHF,UYU,buy,34.434689
2019-05-02,CHF,UYU,sell,34.434689
2019-05-02,CLP,UYU,buy,0.051495
2019-05-02,CLP,UYU,sell,0.051495
2019-05-02,CNY,UYU,buy,5.212116
2019-05-02,CNY,UYU,sell,5.212116
2019-05-02,COP,UYU,buy,0.01078
2019-05-02,COP,UYU,sell,0.01078
2019-05-02,DKK,UYU,buy,5.254169
2019-05-02,DKK,UYU,sell,5.254169
2019-05-02,EUR,UYU,buy,39.227122
2019-05-02,EUR,UYU,sell,39.227122
2019-05-02,GBP,UYU,buy,45.734848
2019-05-02,GBP,UYU,sell,45.734848
2019-05-02,HKD,UYU,buy,4.475285
2019-05-02,HKD,UYU,sell,4.475285
2019-05-02,HUF,UYU,buy,0.120998
2019-05-02,HUF,UYU,sell,0.120998
2019-05-02,INR,UYU,buy,0.506079
2019-05-02,INR,UYU,sell,0.506079
2019-05-02,ISK,UYU,buy,0.285966
2019-05-02,ISK,UYU,sell,0.285966
2019-05-02,JPY,UYU,buy,0.314835
2019-05-02,JPY,UYU,sell,0.314835
2019-05-02,KRW,UYU,buy,0.030109
2019-05-02,KRW,UYU,sell,0.030109
2019-05-02,MXN,UYU,buy,1.836057
2019-05-02,MXN,UYU,sell,1.836057
2019-05-02,MYR,UYU,buy,8.4826
2019-05-02,MYR,UYU,sell,8.4826
2019-05-02,NOK,UYU,buy,4.006598
2019-05-02,NOK,UYU,sell,4.006598
2019-05-02,NZD,UYU,buy,23.217556
2019-05-02,NZD,UYU,sell,23.217556
2019-05-02,PEN,UYU,buy,10.60373
2019-05-02,PEN,UYU,sell,10.60373
2019-05-02,PYG,UYU,buy,0.005563
2019-05-02,PYG,UYU,sell,0.005563
2019-05-02,RUB,UYU,buy,0.536169
2019-05-02,RUB,UYU,sell,0.536169
2019-05-02,SEK,UYU,buy,3.665786
2019-05-02,SEK,UYU,sell,3.665786
2019-05-02,TRY,UYU,buy,5.883802
2019-05-02,TRY,UYU,sell,5.883802
2019-05-02,USD,UYU,buy,35.101
2019-05-02,USD,UYU,sell,35.101
2019-05-02,VES,UYU,buy,0.006755
2019-05-02,VES,UYU,sell,0.006755
2019-05-02,XDR,UYU,buy,48.636999
2019-05-02,XDR,UYU,sell,48.636999
2019-05-02,ZAR,UYU,buy,2.41473
2019-05-02,ZAR,UYU,sell,2.41473
2019-05-03,ARS,UYU,buy,0.785787
2019-05-03,ARS,UYU,sell,0.785787
2019-05-03,AUD,UYU,buy,24.512157
2019-05-03,AUD,UYU,sell,24.512157
2019-05-03,BRL,UYU,buy,8.868133
2019-05-03,BRL,UYU,sell,8.868133
2019-05-03,CAD,UYU,buy,26.023163
2019-05-03,CAD,UYU,sell,26.023163
2019-05-03,CHF,UYU,buy,34.337379
2019-05-03,CHF,UYU,sell,34.337379
2019-05-03,CLP,UYU,buy,0.051534
2019-05-03,CLP,UYU,sell,0.051534
2019-05-03,CNY,UYU,buy,5.187516
2019-05-03,CNY,UYU,sell,5.187516
2019-05-03,COP,UYU,buy,0.010788
2019-05-03,COP,UYU,sell,0.010788
2019-05-03,DKK,UYU,buy,5.238499
2019-05-03,DKK,UYU,sell,5.238499
2019-05-03,EUR,UYU,buy,39.110089
2019-05-03,EUR,UYU,sell,39.110089
2019-05-03,GBP,UYU,buy,45.989775
2019-05-03,GBP,UYU,sell,45.989775
2019-05-03,HKD,UYU,buy,4.453906
2019-05-03,HKD,UYU,sell,4.453906
2019-05-03,HUF,UYU,buy,0.121046
2019-05-03,HUF,UYU,sell,0.121046
2019-05-03,INR,UYU,buy,0.504749
2019-05-03,INR,UYU,sell,0.504749
2019-05-03,ISK,UYU,buy,0.287583
2019-05-03,ISK,UYU,sell,0.287583
2019-05-03,JPY,UYU,buy,0.314463
2019-05-03,JPY,UYU,sell,0.314463
2019-05-03,KRW,UYU,buy,0.029867
2019-05-03,KRW,UYU,sell,0.029867
2019-05-03,MXN,UYU,buy,1.843167
2019-05-03,MXN,UYU,sell,1.843167
2019-05-03,MYR,UYU,buy,8.432993
2019-05-03,MYR,UYU,sell,8.432993
2019-05-03,NOK,UYU,buy,4.011665
2019-05-03,NOK,UYU,sell,4.011665
2019-05-03,NZD,UYU,buy,23.187931
2019-05-03,NZD,UYU,sell,23.187931
2019-05-03,PEN,UYU,buy,10.590927
2019-05-03,PEN,UYU,sell,10.590927
2019-05-03,PYG,UYU,buy,0.005498
2019-05-03,PYG,UYU,sell,0.005498
2019-05-03,RUB,UYU,buy,0.536938
2019-05-03,RUB,UYU,sell,0.536938
2019-05-03,SEK,UYU,buy,3.658198
2019-05-03,SEK,UYU,sell,3.658198
2019-05-03,TRY,UYU,buy,5.855489
2019-05-03,TRY,UYU,sell,5.855489
2019-05-03,USD,UYU,buy,34.94
2019-05-03,USD,UYU,sell,34.94
2019-05-03,VES,UYU,buy,0.006723
2019-05-03,VES,UYU,sell,0.006723
2019-05-03,XDR,UYU,buy,48.325165
2019-05-03,XDR,UYU,sell,48.325165
2019-05-03,ZAR,UYU,buy,2.43419
2019-05-03,ZAR,UYU,sell,2.43419
2019-05-06,ARS,UYU,buy,0.784286
2019-05-06,ARS,UYU,sell,0.784286
2019-05-06,AUD,UYU,buy,24.5252
2019-05-06,AUD,UYU,sell,24.5252
2019-05-06,BRL,UYU,buy,8.862469
2019-05-06,BRL,UYU,sell,8.862469
2019-05-06,CAD,UYU,buy,26.075243
2019-05-06,CAD,UYU,sell,26.075243
2019-05-06,CHF,UYU,buy,34.435107
2019-05-06,CHF,UYU,sell,34.435107
2019-05-06,CLP,UYU,buy,0.051645
2019-05-06,CLP,UYU,sell,0.051645
2019-05-06,CNY,UYU,buy,5.178167
2019-05-06,CNY,UYU,sell,5.178167
2019-05-06,COP,UYU,buy,0.010765
2019-05-06,COP,UYU,sell,0.010765
2019-05-06,DKK,UYU,buy,5.257424
2019-05-06,DKK,UYU,sell,5.257424
2019-05-06,EUR,UYU,buy,39.252582
2019-05-06,EUR,UYU,sell,39.252582
2019-05-06,GBP,UYU,buy,45.891905
2019-05-06,GBP,UYU,sell,45.891905
2019-05-06,HKD,UYU,buy,4.465346
2019-05-06,HKD,UYU,sell,4.465346
2019-05-06,HUF,UYU,buy,0.121219
2019-05-06,HUF,UYU,sell,0.121219
2019-05-06,INR,UYU,buy,0.504796
2019-05-06,INR,UYU,sell,0.504796
2019-05-06,ISK,UYU,buy,0.288207
2019-05-06,ISK,UYU,sell,0.288207
2019-05-06,JPY,UYU,buy,0.315895
2019-05-06,JPY,UYU,sell,0.315895
2019-05-06,KRW,UYU,buy,0.029908
2019-05-06,KRW,UYU,sell,0.029908
2019-05-06,MXN,UYU,buy,1.848617
2019-05-06,MXN,UYU,sell,1.848617
2019-05-06,MYR,UYU,buy,8.447498
2019-05-06,MYR,UYU,sell,8.447498
2019-05-06,NOK,UYU,buy,4.019964
2019-05-06,NOK,UYU,sell,4.019964
2019-05-06,NZD,UYU,buy,23.153541
2019-05-06,NZD,UYU,sell,23.153541
2019-05-06,PEN,UYU,buy,10.588573
2019-05-06,PEN,UYU,sell,10.588573
2019-05-06,PYG,UYU,buy,0.005527
2019-05-06,PYG,UYU,sell,0.005527
2019-05-06,RUB,UYU,buy,0.537409
2019-05-06,RUB,UYU,sell,0.537409
2019-05-06,SEK,UYU,buy,3.665985
2019-05-06,SEK,UYU,sell,3.665985
2019-05-06,TRY,UYU,buy,5.766435
2019-05-06,TRY,UYU,sell,5.766435
2019-05-06,USD,UYU,buy,35.036
2019-05-06,USD,UYU,sell,35.036
2019-05-06,VES,UYU,buy,0.006742
2019-05-06,VES,UYU,sell,0.006742
2019-05-06,XDR,UYU,buy,48.546582
2019-05-06,XDR,UYU,sell,48.546582
2019-05-06,ZAR,UYU,buy,2.423764
2019-05-06,ZAR,UYU,sell,2.423764
2019-05-07,ARS,UYU,buy,0.772403
2019-05-07,ARS,UYU,sell,0.772403
2019-05-07,AUD,UYU,buy,24.505944
2019-05-07,AUD,UYU,sell,24.505944
2019-05-07,BRL,UYU,buy,8.791778
2019-05-07,BRL,UYU,sell,8.791778
2019-05-07,CAD,UYU,buy,25.953043
2019-05-07,CAD,UYU,sell,25.953043
2019-05-07,CHF,UYU,buy,34.320188
2019-05-07,CHF,UYU,sell,34.320188
2019-05-07,CLP,UYU,buy,0.051082
2019-05-07,CLP,UYU,sell,0.051082
2019-05-07,CNY,UYU,buy,5.162994
2019-05-07,CNY,UYU,sell,5.162994
2019-05-07,COP,UYU,buy,0.0106
2019-05-07,COP,UYU,sell,0.0106
2019-05-07,DKK,UYU,buy,5.240328
2019-05-07,DKK,UYU,sell,5.240328
2019-05-07,EUR,UYU,buy,39.123094
2019-05-07,EUR,UYU,sell,39.123094
2019-05-07,GBP,UYU,buy,45.70746
2019-05-07,GBP,UYU,sell,45.70746
2019-05-07,HKD,UYU,buy,4.457582
2019-05-07,HKD,UYU,sell,4.457582
2019-05-07,HUF,UYU,buy,0.120674
2019-05-07,HUF,UYU,sell,0.120674
2019-05-07,INR,UYU,buy,0.503903
2019-05-07,INR,UYU,sell,0.503903
2019-05-07,ISK,UYU,buy,0.28595
2019-05-07,ISK,UYU,sell,0.28595
2019-05-07,JPY,UYU,buy,0.317333
2019-05-07,JPY,UYU,sell,0.317333
2019-05-07,KRW,UYU,buy,0.029991
2019-05-07,KRW,UYU,sell,0.029991
2019-05-07,MXN,UYU,buy,1.83563
2019-05-07,MXN,UYU,sell,1.83563
2019-05-07,MYR,UYU,buy,8.434426
2019-05-07,MYR,UYU,sell,8.434426
2019-05-07,NOK,UYU,buy,3.995113
2019-05-07,NOK,UYU,sell,3.995113
2019-05-07,NZD,UYU,buy,23.085512
2019-05-07,NZD,UYU,sell,23.085512
2019-05-07,PEN,UYU,buy,10.556393
2019-05-07,PEN,UYU,sell,10.556393
2019-05-07,PYG,UYU,buy,0.005509
2019-05-07,PYG,UYU,sell,0.005509
2019-05-07,RUB,UYU,buy,0.534932
2019-05-07,RUB,UYU,sell,0.534932
2019-05-07,SEK,UYU,buy,3.641757
2019-05-07,SEK,UYU,sell,3.641757
2019-05-07,TRY,UYU,buy,5.680421
2019-05-07,TRY,UYU,sell,5.680421
2019-05-07,USD,UYU,buy,34.986
2019-05-07,USD,UYU,sell,34.986
2019-05-07,VES,UYU,buy,0.006733
2019-05-07,VES,UYU,sell,0.006733
2019-05-07,XDR,UYU,buy,48.477301
2019-05-07,XDR,UYU,sell,48.477301
2019-05-07,ZAR,UYU,buy,2.418708
2019-05-07,ZAR,UYU,sell,2.418708
2019-05-08,ARS,UYU,buy,0.777505
2019-05-08,ARS,UYU,sell,0.777505
2019-05-08,AUD,UYU,buy,24.499605
2019-05-08,AUD,UYU,sell,24.499605
2019-05-08,BRL,UYU,buy,8.918379
2019-05-08,BRL,UYU,sell,8.918379
2019-05-08,CAD,UYU,buy,26.00987
2019-05-08,CAD,UYU,sell,26.00987
2019-05-08,CHF,UYU,buy,34.348018
2019-05-08,CHF,UYU,sell,34.348018
2019-05-08,CLP,UYU,buy,0.051219
2019-05-08,CLP,UYU,sell,0.051219
2019-05-08,CNY,UYU,buy,5.16704
2019-05-08,CNY,UYU,sell,5.16704
2019-05-08,COP,UYU,buy,0.010641
2019-05-08,COP,UYU,sell,0.010641
2019-05-08,DKK,UYU,buy,5.254029
2019-05-08,DKK,UYU,sell,5.254029
2019-05-08,EUR,UYU,buy,39.224602
2019-05-08,EUR,UYU,sell,39.224602
2019-05-08,GBP,UYU,buy,45.580376
2019-05-08,GBP,UYU,sell,45.580376
2019-05-08,HKD,UYU,buy,4.465013
2019-05-08,HKD,UYU,sell,4.465013
2019-05-08,HUF,UYU,buy,0.120991
2019-05-08,HUF,UYU,sell,0.120991
2019-05-08,INR,UYU,buy,0.502727
2019-05-08,INR,UYU,sell,0.502727
2019-05-08,ISK,UYU,buy,0.285887
2019-05-08,ISK,UYU,sell,0.285887
2019-05-08,JPY,UYU,buy,0.318218
2019-05-08,JPY,UYU,sell,0.318218
2019-05-08,KRW,UYU,buy,0.029968
2019-05-08,KRW,UYU,sell,0.029968
2019-05-08,MXN,UYU,buy,1.834004
2019-05-08,MXN,UYU,sell,1.834004
2019-05-08,MYR,UYU,buy,8.447605
2019-05-08,MYR,UYU,sell,8.447605
2019-05-08,NOK,UYU,buy,3.997035
2019-05-08,NOK,UYU,sell,3.997035
2019-05-08,NZD,UYU,buy,23.034641
2019-05-08,NZD,UYU,sell,23.034641
2019-05-08,PEN,UYU,buy,10.568581
2019-05-08,PEN,UYU,sell,10.568581
2019-05-08,PYG,UYU,buy,0.005504
2019-05-08,PYG,UYU,sell,0.005504
2019-05-08,RUB,UYU,buy,0.539083
2019-05-08,RUB,UYU,sell,0.539083
2019-05-08,SEK,UYU,buy,3.646323
2019-05-08,SEK,UYU,sell,3.646323
2019-05-08,TRY,UYU,buy,5.663337
2019-05-08,TRY,UYU,sell,5.663337
2019-05-08,USD,UYU,buy,35.047
2019-05-08,USD,UYU,sell,35.047
2019-05-08,VES,UYU,buy,0.006745
2019-05-08,VES,UYU,sell,0.006745
2019-05-08,XDR,UYU,buy,48.555516
2019-05-08,XDR,UYU,sell,48.555516
2019-05-08,ZAR,UYU,buy,2.437408
2019-05-08,ZAR,UYU,sell,2.437408
2019-05-09,ARS,UYU,buy,0.776331
2019-05-09,ARS,UYU,sell,0.776331
2019-05-09,AUD,UYU,buy,24.567466
2019-05-09,AUD,UYU,sell,24.567466
2019-05-09,BRL,UYU,buy,8.899163
2019-05-09,BRL,UYU,sell,8.899163
2019-05-09,CAD,UYU,buy,26.090089
2019-05-09,CAD,UYU,sell,26.090089
2019-05-09,CHF,UYU,buy,34.618379
2019-05-09,CHF,UYU,sell,34.618379
2019-05-09,CLP,UYU,buy,0.051307
2019-05-09,CLP,UYU,sell,0.051307
2019-05-09,CNY,UYU,buy,5.145296
2019-05-09,CNY,UYU,sell,5.145296
2019-05-09,COP,UYU,buy,0.01072
2019-05-09,COP,UYU,sell,0.01072
2019-05-09,DKK,UYU,buy,5.281087
2019-05-09,DKK,UYU,sell,5.281087
2019-05-09,EUR,UYU,buy,39.430546
2019-05-09,EUR,UYU,sell,39.430546
2019-05-09,GBP,UYU,buy,45.74674
2019-05-09,GBP,UYU,sell,45.74674
2019-05-09,HKD,UYU,buy,4.47603
2019-05-09,HKD,UYU,sell,4.47603
2019-05-09,HUF,UYU,buy,0.121665
2019-05-09,HUF,UYU,sell,0.121665
2019-05-09,INR,UYU,buy,0.50222
2019-05-09,INR,UYU,sell,0.50222
2019-05-09,ISK,UYU,buy,0.287389
2019-05-09,ISK,UYU,sell,0.287389
2019-05-09,JPY,UYU,buy,0.320286
2019-05-09,JPY,UYU,sell,0.320286
2019-05-09,KRW,UYU,buy,0.029782
2019-05-09,KRW,UYU,sell,0.029782
2019-05-09,MXN,UYU,buy,1.829197
2019-05-09,MXN,UYU,sell,1.829197
2019-05-09,MYR,UYU,buy,8.459723
2019-05-09,MYR,UYU,sell,8.459723
2019-05-09,NOK,UYU,buy,4.00472
2019-05-09,NOK,UYU,sell,4.00472
2019-05-09,NZD,UYU,buy,23.165819
2019-05-09,NZD,UYU,sell,23.165819
2019-05-09,PEN,UYU,buy,10.60082
2019-05-09,PEN,UYU,sell,10.60082
2019-05-09,PYG,UYU,buy,0.005491
2019-05-09,PYG,UYU,sell,0.005491
2019-05-09,RUB,UYU,buy,0.538449
2019-05-09,RUB,UYU,sell,0.538449
2019-05-09,SEK,UYU,buy,3.641443
2019-05-09,SEK,UYU,sell,3.641443
2019-05-09,TRY,UYU,buy,5.668573
2019-05-09,TRY,UYU,sell,5.668573
2019-05-09,USD,UYU,buy,35.129
2019-05-09,USD,UYU,sell,35.129
2019-05-09,VES,UYU,buy,0.00676
2019-05-09,VES,UYU,sell,0.00676
2019-05-09,XDR,UYU,buy,48.608349
2019-05-09,XDR,UYU,sell,48.608349
2019-05-09,ZAR,UYU,buy,2.449311
2019-05-09,ZAR,UYU,sell,2.449311
2019-05-10,ARS,UYU,buy,0.78394
2019-05-10,ARS,UYU,sell,0.78394
2019-05-10,AUD,UYU,buy,24.596228
2019-05-10,AUD,UYU,sell,24.596228
2019-05-10,BRL,UYU,buy,8.893191
2019-05-10,BRL,UYU,sell,8.893191
2019-05-10,CAD,UYU,buy,26.185598
2019-05-10,CAD,UYU,sell,26.185598
2019-05-10,CHF,UYU,buy,34.709397
2019-05-10,CHF,UYU,sell,34.709397
2019-05-10,CLP,UYU,buy,0.051193
2019-05-10,CLP,UYU,sell,0.051193
2019-05-10,CNY,UYU,buy,5.14862
2019-05-10,CNY,UYU,sell,5.14862
2019-05-10,COP,UYU,buy,0.010735
2019-05-10,COP,UYU,sell,0.010735
2019-05-10,DKK,UYU,buy,5.287228
2019-05-10,DKK,UYU,sell,5.287228
2019-05-10,EUR,UYU,buy,39.474864
2019-05-10,EUR,UYU,sell,39.474864
2019-05-10,GBP,UYU,buy,45.721888
2019-05-10,GBP,UYU,sell,45.721888
2019-05-10,HKD,UYU,buy,4.47784
2019-05-10,HKD,UYU,sell,4.47784
2019-05-10,HUF,UYU,buy,0.122018
2019-05-10,HUF,UYU,sell,0.122018
2019-05-10,INR,UYU,buy,0.502709
2019-05-10,INR,UYU,sell,0.502709
2019-05-10,ISK,UYU,buy,0.28857
2019-05-10,ISK,UYU,sell,0.28857
2019-05-10,JPY,UYU,buy,0.319776
2019-05-10,JPY,UYU,sell,0.319776
2019-05-10,KRW,UYU,buy,0.02985
2019-05-10,KRW,UYU,sell,0.02985
2019-05-10,MXN,UYU,buy,1.843015
2019-05-10,MXN,UYU,sell,1.843015
2019-05-10,MYR,UYU,buy,8.451365
2019-05-10,MYR,UYU,sell,8.451365
2019-05-10,NOK,UYU,buy,4.030482
2019-05-10,NOK,UYU,sell,4.030482
2019-05-10,NZD,UYU,buy,23.183399
2019-05-10,NZD,UYU,sell,23.183399
2019-05-10,PEN,UYU,buy,10.60117
2019-05-10,PEN,UYU,sell,10.60117
2019-05-10,PYG,UYU,buy,0.005498
2019-05-10,PYG,UYU,sell,0.005498
2019-05-10,RUB,UYU,buy,0.539657
2019-05-10,RUB,UYU,sell,0.539657
2019-05-10,SEK,UYU,buy,3.655321
2019-05-10,SEK,UYU,sell,3.655321
2019-05-10,TRY,UYU,buy,5.851843
2019-05-10,TRY,UYU,sell,5.851843
2019-05-10,USD,UYU,buy,35.145
2019-05-10,USD,UYU,sell,35.145
2019-05-10,VES,UYU,buy,0.006764
2019-05-10,VES,UYU,sell,0.006764
2019-05-10,XDR,UYU,buy,48.710267
2019-05-10,XDR,UYU,sell,48.710267
2019-05-10,ZAR,UYU,buy,2.484167
2019-05-10,ZAR,UYU,sell,2.484167
2019-05-13,ARS,UYU,buy,0.78053
2019-05-13,ARS,UYU,sell,0.78053
2019-05-13,AUD,UYU,buy,24.486612
2019-05-13,AUD,UYU,sell,24.486612
2019-05-13,BRL,UYU,buy,8.855875
2019-05-13,BRL,UYU,sell,8.855875
2019-05-13,CAD,UYU,buy,26.15733
2019-05-13,CAD,UYU,sell,26.15733
2019-05-13,CHF,UYU,buy,35.004223
2019-05-13,CHF,UYU,sell,35.004223
2019-05-13,CLP,UYU,buy,0.050796
2019-05-13,CLP,UYU,sell,0.050796
2019-05-13,CNY,UYU,buy,5.12183
2019-05-13,CNY,UYU,sell,5.12183
2019-05-13,COP,UYU,buy,0.010662
2019-05-13,COP,UYU,sell,0.010662
2019-05-13,DKK,UYU,buy,5.298461
2019-05-13,DKK,UYU,sell,5.298461
2019-05-13,EUR,UYU,buy,39.566813
2019-05-13,EUR,UYU,sell,39.566813
2019-05-13,GBP,UYU,buy,45.679218
2019-05-13,GBP,UYU,sell,45.679218
2019-05-13,HKD,UYU,buy,4.488327
2019-05-13,HKD,UYU,sell,4.488327
2019-05-13,HUF,UYU,buy,0.122059
2019-05-13,HUF,UYU,sell,0.122059
2019-05-13,INR,UYU,buy,0.499548
2019-05-13,INR,UYU,sell,0.499548
2019-05-13,ISK,UYU,buy,0.287134
2019-05-13,ISK,UYU,sell,0.287134
2019-05-13,JPY,UYU,buy,0.322191
2019-05-13,JPY,UYU,sell,0.322191
2019-05-13,KRW,UYU,buy,0.029669
2019-05-13,KRW,UYU,sell,0.029669
2019-05-13,MXN,UYU,buy,1.836622
2019-05-13,MXN,UYU,sell,1.836622
2019-05-13,MYR,UYU,buy,8.459599
2019-05-13,MYR,UYU,sell,8.459599
2019-05-13,NOK,UYU,buy,4.026447
2019-05-13,NOK,UYU,sell,4.026447
2019-05-13,NZD,UYU,buy,23.154918
2019-05-13,NZD,UYU,sell,23.154918
2019-05-13,PEN,UYU,buy,10.585142
2019-05-13,PEN,UYU,sell,10.585142
2019-05-13,PYG,UYU,buy,0.005548
2019-05-13,PYG,UYU,sell,0.005548
2019-05-13,RUB,UYU,buy,0.538632
2019-05-13,RUB,UYU,sell,0.538632
2019-05-13,SEK,UYU,buy,3.658245
2019-05-13,SEK,UYU,sell,3.658245
2019-05-13,TRY,UYU,buy,5.805627
2019-05-13,TRY,UYU,sell,5.805627
2019-05-13,USD,UYU,buy,35.23
2019-05-13,USD,UYU,sell,35.23
2019-05-13,VES,UYU,buy,0.00678
2019-05-13,VES,UYU,sell,0.00678
2019-05-13,XDR,UYU,buy,48.786504
2019-05-13,XDR,UYU,sell,48.786504
2019-05-13,ZAR,UYU,buy,2.461493
2019-05-13,ZAR,UYU,sell,2.461493
2019-05-14,ARS,UYU,buy,0.783141
2019-05-14,ARS,UYU,sell,0.783141
2019-05-14,AUD,UYU,buy,24.456866
2019-05-14,AUD,UYU,sell,24.456866
2019-05-14,BRL,UYU,buy,8.850403
2019-05-14,BRL,UYU,sell,8.850403
2019-05-14,CAD,UYU,buy,26.150247
2019-05-14,CAD,UYU,sell,26.150247
2019-05-14,CHF,UYU,buy,34.887293
2019-05-14,CHF,UYU,sell,34.887293
2019-05-14,CLP,UYU,buy,0.050951
2019-05-14,CLP,UYU,sell,0.050951
2019-05-14,CNY,UYU,buy,5.121305
2019-05-14,CNY,UYU,sell,5.121305
2019-05-14,COP,UYU,buy,0.010699
2019-05-14,COP,UYU,sell,0.010699
2019-05-14,DKK,UYU,buy,5.28401
2019-05-14,DKK,UYU,sell,5.28401
2019-05-14,EUR,UYU,buy,39.463368
2019-05-14,EUR,UYU,sell,39.463368
2019-05-14,GBP,UYU,buy,45.440266
2019-05-14,GBP,UYU,sell,45.440266
2019-05-14,HKD,UYU,buy,4.485579
2019-05-14,HKD,UYU,sell,4.485579
2019-05-14,HUF,UYU,buy,0.121631
2019-05-14,HUF,UYU,sell,0.121631
2019-05-14,INR,UYU,buy,0.499849
2019-05-14,INR,UYU,sell,0.499849
2019-05-14,ISK,UYU,buy,0.287217
2019-05-14,ISK,UYU,sell,0.287217
2019-05-14,JPY,UYU,buy,0.321112
2019-05-14,JPY,UYU,sell,0.321112
2019-05-14,KRW,UYU,buy,0.029604
2019-05-14,KRW,UYU,sell,0.029604
2019-05-14,MXN,UYU,buy,1.835374
2019-05-14,MXN,UYU,sell,1.835374
2019-05-14,MYR,UYU,buy,8.440609
2019-05-14,MYR,UYU,sell,8.440609
2019-05-14,NOK,UYU,buy,4.029503
2019-05-14,NOK,UYU,sell,4.029503
2019-05-14,NZD,UYU,buy,23.148815
2019-05-14,NZD,UYU,sell,23.148815
2019-05-14,PEN,UYU,buy,10.598558
2019-05-14,PEN,UYU,sell,10.598558
2019-05-14,PYG,UYU,buy,0.005558
2019-05-14,PYG,UYU,sell,0.005558
2019-05-14,RUB,UYU,buy,0.542261
2019-05-14,RUB,UYU,sell,0.542261
2019-05-14,SEK,UYU,buy,3.667345
2019-05-14,SEK,UYU,sell,3.667345
2019-05-14,TRY,UYU,buy,5.838314
2019-05-14,TRY,UYU,sell,5.838314
2019-05-14,USD,UYU,buy,35.21
2019-05-14,USD,UYU,sell,35.21
2019-05-14,VES,UYU,buy,0.006699
2019-05-14,VES,UYU,sell,0.006699
2019-05-14,XDR,UYU,buy,48.726063
2019-05-14,XDR,UYU,sell,48.726063
2019-05-14,ZAR,UYU,buy,2.472352
2019-05-14,ZAR,UYU,sell,2.472352
2019-05-15,ARS,UYU,buy,0.783307
2019-05-15,ARS,UYU,sell,0.783307
2019-05-15,AUD,UYU,buy,24.408986
2019-05-15,AUD,UYU,sell,24.408986
2019-05-15,BRL,UYU,buy,8.828872
2019-05-15,BRL,UYU,sell,8.828872
2019-05-15,CAD,UYU,buy,26.225116
2019-05-15,CAD,UYU,sell,26.225116
2019-05-15,CHF,UYU,buy,34.903184
2019-05-15,CHF,UYU,sell,34.903184
2019-05-15,CLP,UYU,buy,0.051009
2019-05-15,CLP,UYU,sell,0.051009
2019-05-15,CNY,UYU,buy,5.124998
2019-05-15,CNY,UYU,sell,5.124998
2019-05-15,COP,UYU,buy,0.010726
2019-05-15,COP,UYU,sell,0.010726
2019-05-15,DKK,UYU,buy,5.286291
2019-05-15,DKK,UYU,sell,5.286291
2019-05-15,EUR,UYU,buy,39.472324
2019-05-15,EUR,UYU,sell,39.472324
2019-05-15,GBP,UYU,buy,45.258732
2019-05-15,GBP,UYU,sell,45.258732
2019-05-15,HKD,UYU,buy,4.489229
2019-05-15,HKD,UYU,sell,4.489229
2019-05-15,HUF,UYU,buy,0.121531
2019-05-15,HUF,UYU,sell,0.121531
2019-05-15,INR,UYU,buy,0.501013
2019-05-15,INR,UYU,sell,0.501013
2019-05-15,ISK,UYU,buy,0.287696
2019-05-15,ISK,UYU,sell,0.287696
2019-05-15,JPY,UYU,buy,0.321635
2019-05-15,JPY,UYU,sell,0.321635
2019-05-15,KRW,UYU,buy,0.029645
2019-05-15,KRW,UYU,sell,0.029645
2019-05-15,MXN,UYU,buy,1.849903
2019-05-15,MXN,UYU,sell,1.849903
2019-05-15,MYR,UYU,buy,8.443246
2019-05-15,MYR,UYU,sell,8.443246
2019-05-15,NOK,UYU,buy,4.041957
2019-05-15,NOK,UYU,sell,4.041957
2019-05-15,NZD,UYU,buy,23.115678
2019-05-15,NZD,UYU,sell,23.115678
2019-05-15,PEN,UYU,buy,10.622456
2019-05-15,PEN,UYU,sell,10.622456
2019-05-15,PYG,UYU,buy,0.005522
2019-05-15,PYG,UYU,sell,0.005522
2019-05-15,RUB,UYU,buy,0.545514
2019-05-15,RUB,UYU,sell,0.545514
2019-05-15,SEK,UYU,buy,3.671981
2019-05-15,SEK,UYU,sell,3.671981
2019-05-15,TRY,UYU,buy,5.870349
2019-05-15,TRY,UYU,sell,5.870349
2019-05-15,USD,UYU,buy,35.24
2019-05-15,USD,UYU,sell,35.24
2019-05-15,VES,UYU,buy,0.006713
2019-05-15,VES,UYU,sell,0.006713
2019-05-15,XDR,UYU,buy,48.713309
2019-05-15,XDR,UYU,sell,48.713309
2019-05-15,ZAR,UYU,buy,2.479385
2019-05-15,ZAR,UYU,sell,2.479385
2019-05-16,ARS,UYU,buy,0.786052
2019-05-16,ARS,UYU,sell,0.786052
2019-05-16,AUD,UYU,buy,24.25264
2019-05-16,AUD,UYU,sell,24.25264
2019-05-16,BRL,UYU,buy,8.71537
2019-05-16,BRL,UYU,sell,8.71537
2019-05-16,CAD,UYU,buy,26.140931
2019-05-16,CAD,UYU,sell,26.140931
2019-05-16,CHF,UYU,buy,34.833441
2019-05-16,CHF,UYU,sell,34.833441
2019-05-16,CLP,UYU,buy,0.050713
2019-05-16,CLP,UYU,sell,0.050713
2019-05-16,CNY,UYU,buy,5.11164
2019-05-16,CNY,UYU,sell,5.11164
2019-05-16,COP,UYU,buy,0.010665
2019-05-16,COP,UYU,sell,0.010665
2019-05-16,DKK,UYU,buy,5.263969
2019-05-16,DKK,UYU,sell,5.263969
2019-05-16,EUR,UYU,buy,39.305638
2019-05-16,EUR,UYU,sell,39.305638
2019-05-16,GBP,UYU,buy,45.016488
2019-05-16,GBP,UYU,sell,45.016488
2019-05-16,HKD,UYU,buy,4.482734
2019-05-16,HKD,UYU,sell,4.482734
2019-05-16,HUF,UYU,buy,0.121113
2019-05-16,HUF,UYU,sell,0.121113
2019-05-16,INR,UYU,buy,0.502429
2019-05-16,INR,UYU,sell,0.502429
2019-05-16,ISK,UYU,buy,0.286901
2019-05-16,ISK,UYU,sell,0.286901
2019-05-16,JPY,UYU,buy,0.320304
2019-05-16,JPY,UYU,sell,0.320304
2019-05-16,KRW,UYU,buy,0.029541
2019-05-16,KRW,UYU,sell,0.029541
2019-05-16,MXN,UYU,buy,1.842068
2019-05-16,MXN,UYU,sell,1.842068
2019-05-16,MYR,UYU,buy,8.449274
2019-05-16,MYR,UYU,sell,8.449274
2019-05-16,NOK,UYU,buy,4.020315
2019-05-16,NOK,UYU,sell,4.020315
2019-05-16,NZD,UYU,buy,22.996464
2019-05-16,NZD,UYU,sell,22.996464
2019-05-16,PEN,UYU,buy,10.606161
2019-05-16,PEN,UYU,sell,10.606161
2019-05-16,PYG,UYU,buy,0.005596
2019-05-16,PYG,UYU,sell,0.005596
2019-05-16,RUB,UYU,buy,0.544532
2019-05-16,RUB,UYU,sell,0.544532
2019-05-16,SEK,UYU,buy,3.648892
2019-05-16,SEK,UYU,sell,3.648892
2019-05-16,TRY,UYU,buy,5.827398
2019-05-16,TRY,UYU,sell,5.827398
2019-05-16,USD,UYU,buy,35.187
2019-05-16,USD,UYU,sell,35.187
2019-05-16,VES,UYU,buy,0.006562
2019-05-16,VES,UYU,sell,0.006562
2019-05-16,XDR,UYU,buy,48.626675
2019-05-16,XDR,UYU,sell,48.626675
2019-05-16,ZAR,UYU,buy,2.4643
2019-05-16,ZAR,UYU,sell,2.4643
2019-05-17,ARS,UYU,buy,0.783162
2019-05-17,ARS,UYU,sell,0.783162
2019-05-17,AUD,UYU,buy,24.208532
2019-05-17,AUD,UYU,sell,24.208532
2019-05-17,BRL,UYU,buy,8.585727
2019-05-17,BRL,UYU,sell,8.585727
2019-05-17,CAD,UYU,buy,26.215563
2019-05-17,CAD,UYU,sell,26.215563
2019-05-17,CHF,UYU,buy,34.901747
2019-05-17,CHF,UYU,sell,34.901747
2019-05-17,CLP,UYU,buy,0.050664
2019-05-17,CLP,UYU,sell,0.050664
2019-05-17,CNY,UYU,buy,5.096344
2019-05-17,CNY,UYU,sell,5.096344
2019-05-17,COP,UYU,buy,0.010618
2019-05-17,COP,UYU,sell,0.010618
2019-05-17,DKK,UYU,buy,5.271768
2019-05-17,DKK,UYU,sell,5.271768
2019-05-17,EUR,UYU,buy,39.368612
2019-05-17,EUR,UYU,sell,39.368612
2019-05-17,GBP,UYU,buy,44.872074
2019-05-17,GBP,UYU,sell,44.872074
2019-05-17,HKD,UYU,buy,4.491325
2019-05-17,HKD,UYU,sell,4.491325
2019-05-17,HUF,UYU,buy,0.12056
2019-05-17,HUF,UYU,sell,0.12056
2019-05-17,INR,UYU,buy,0.502052
2019-05-17,INR,UYU,sell,0.502052
2019-05-17,ISK,UYU,buy,0.286914
2019-05-17,ISK,UYU,sell,0.286914
2019-05-17,JPY,UYU,buy,0.320669
2019-05-17,JPY,UYU,sell,0.320669
2019-05-17,KRW,UYU,buy,0.029489
2019-05-17,KRW,UYU,sell,0.029489
2019-05-17,MXN,UYU,buy,1.840804
2019-05-17,MXN,UYU,sell,1.840804
2019-05-17,MYR,UYU,buy,8.441518
2019-05-17,MYR,UYU,sell,8.441518
2019-05-17,NOK,UYU,buy,4.012542
2019-05-17,NOK,UYU,sell,4.012542
2019-05-17,NZD,UYU,buy,22.978098
2019-05-17,NZD,UYU,sell,22.978098
2019-05-17,PEN,UYU,buy,10.583414
2019-05-17,PEN,UYU,sell,10.583414
2019-05-17,PYG,UYU,buy,0.005611
2019-05-17,PYG,UYU,sell,0.005611
2019-05-17,RUB,UYU,buy,0.544413
2019-05-17,RUB,UYU,sell,0.544413
2019-05-17,SEK,UYU,buy,3.657432
2019-05-17,SEK,UYU,sell,3.657432
2019-05-17,TRY,UYU,buy,5.83192
2019-05-17,TRY,UYU,sell,5.83192
2019-05-17,USD,UYU,buy,35.256
2019-05-17,USD,UYU,sell,35.256
2019-05-17,VES,UYU,buy,0.006534
2019-05-17,VES,UYU,sell,0.006534
2019-05-17,XDR,UYU,buy,48.618377
2019-05-17,XDR,UYU,sell,48.618377
2019-05-17,ZAR,UYU,buy,2.440841
2019-05-17,ZAR,UYU,sell,2.440841
2019-05-20,ARS,UYU,buy,0.780174
2019-05-20,ARS,UYU,sell,0.780174
2019-05-20,AUD,UYU,buy,24.35539
2019-05-20,AUD,UYU,sell,24.35539
2019-05-20,BRL,UYU,buy,8.600134
2019-05-20,BRL,UYU,sell,8.600134
2019-05-20,CAD,UYU,buy,26.256933
2019-05-20,CAD,UYU,sell,26.256933
2019-05-20,CHF,UYU,buy,34.971491
2019-05-20,CHF,UYU,sell,34.971491
2019-05-20,CLP,UYU,buy,0.050649
2019-05-20,CLP,UYU,sell,0.050649
2019-05-20,CNY,UYU,buy,5.102064
2019-05-20,CNY,UYU,sell,5.102064
2019-05-20,COP,UYU,buy,0.01052
2019-05-20,COP,UYU,sell,0.01052
2019-05-20,DKK,UYU,buy,5.272624
2019-05-20,DKK,UYU,sell,5.272624
2019-05-20,EUR,UYU,buy,39.384422
2019-05-20,EUR,UYU,sell,39.384422
2019-05-20,GBP,UYU,buy,44.879021
2019-05-20,GBP,UYU,sell,44.879021
2019-05-20,HKD,UYU,buy,4.492783
2019-05-20,HKD,UYU,sell,4.492783
2019-05-20,HUF,UYU,buy,0.120622
2019-05-20,HUF,UYU,sell,0.120622
2019-05-20,INR,UYU,buy,0.505684
2019-05-20,INR,UYU,sell,0.505684
2019-05-20,ISK,UYU,buy,0.285805
2019-05-20,ISK,UYU,sell,0.285805
2019-05-20,JPY,UYU,buy,0.320638
2019-05-20,JPY,UYU,sell,0.320638
2019-05-20,KRW,UYU,buy,0.029532
2019-05-20,KRW,UYU,sell,0.029532
2019-05-20,MXN,UYU,buy,1.849223
2019-05-20,MXN,UYU,sell,1.849223
2019-05-20,MYR,UYU,buy,8.444152
2019-05-20,MYR,UYU,sell,8.444152
2019-05-20,NOK,UYU,buy,4.011717
2019-05-20,NOK,UYU,sell,4.011717
2019-05-20,NZD,UYU,buy,23.032878
2019-05-20,NZD,UYU,sell,23.032878
2019-05-20,PEN,UYU,buy,10.534223
2019-05-20,PEN,UYU,sell,10.534223
2019-05-20,PYG,UYU,buy,0.005594
2019-05-20,PYG,UYU,sell,0.005594
2019-05-20,RUB,UYU,buy,0.546427
2019-05-20,RUB,UYU,sell,0.546427
2019-05-20,SEK,UYU,buy,3.647109
2019-05-20,SEK,UYU,sell,3.647109
2019-05-20,TRY,UYU,buy,5.831135
2019-05-20,TRY,UYU,sell,5.831135
2019-05-20,USD,UYU,buy,35.267
2019-05-20,USD,UYU,sell,35.267
2019-05-20,VES,UYU,buy,0.006354
2019-05-20,VES,UYU,sell,0.006354
2019-05-20,XDR,UYU,buy,48.603569
2019-05-20,XDR,UYU,sell,48.603569
2019-05-20,ZAR,UYU,buy,2.450825
2019-05-20,ZAR,UYU,sell,2.450825
2019-05-21,ARS,UYU,buy,0.787491
2019-05-21,ARS,UYU,sell,0.787491
2019-05-21,AUD,UYU,buy,24.277932
2019-05-21,AUD,UYU,sell,24.277932
2019-05-21,BRL,UYU,buy,8.710143
2019-05-21,BRL,UYU,sell,8.710143
2019-05-21,CAD,UYU,buy,26.318538
2019-05-21,CAD,UYU,sell,26.318538
2019-05-21,CHF,UYU,buy,34.887515
2019-05-21,CHF,UYU,sell,34.887515
2019-05-21,CLP,UYU,buy,0.05078
2019-05-21,CLP,UYU,sell,0.05078
2019-05-21,CNY,UYU,buy,5.111561
2019-05-21,CNY,UYU,sell,5.111561
2019-05-21,COP,UYU,buy,0.010555
2019-05-21,COP,UYU,sell,0.010555
2019-05-21,DKK,UYU,buy,5.271533
2019-05-21,DKK,UYU,sell,5.271533
2019-05-21,EUR,UYU,buy,39.368952
2019-05-21,EUR,UYU,sell,39.368952
2019-05-21,GBP,UYU,buy,44.828532
2019-05-21,GBP,UYU,sell,44.828532
2019-05-21,HKD,UYU,buy,4.494554
2019-05-21,HKD,UYU,sell,4.494554
2019-05-21,HUF,UYU,buy,0.120598
2019-05-21,HUF,UYU,sell,0.120598
2019-05-21,INR,UYU,buy,0.506006
2019-05-21,INR,UYU,sell,0.506006
2019-05-21,ISK,UYU,buy,0.285725
2019-05-21,ISK,UYU,sell,0.285725
2019-05-21,JPY,UYU,buy,0.318958
2019-05-21,JPY,UYU,sell,0.318958
2019-05-21,KRW,UYU,buy,0.029532
2019-05-21,KRW,UYU,sell,0.029532
2019-05-21,MXN,UYU,buy,1.854212
2019-05-21,MXN,UYU,sell,1.854212
2019-05-21,MYR,UYU,buy,8.42759
2019-05-21,MYR,UYU,sell,8.42759
2019-05-21,NOK,UYU,buy,4.025881
2019-05-21,NOK,UYU,sell,4.025881
2019-05-21,NZD,UYU,buy,22.944348
2019-05-21,NZD,UYU,sell,22.944348
2019-05-21,PEN,UYU,buy,10.558922
2019-05-21,PEN,UYU,sell,10.558922
2019-05-21,PYG,UYU,buy,0.005585
2019-05-21,PYG,UYU,sell,0.005585
2019-05-21,RUB,UYU,buy,0.547624
2019-05-21,RUB,UYU,sell,0.547624
2019-05-21,SEK,UYU,buy,3.655504
2019-05-21,SEK,UYU,sell,3.655504
2019-05-21,TRY,UYU,buy,5.831694
2019-05-21,TRY,UYU,sell,5.831694
2019-05-21,USD,UYU,buy,35.28
2019-05-21,USD,UYU,sell,35.28
2019-05-21,VES,UYU,buy,0.00637
2019-05-21,VES,UYU,sell,0.00637
2019-05-21,XDR,UYU,buy,48.587616
2019-05-21,XDR,UYU,sell,48.587616
2019-05-21,ZAR,UYU,buy,2.450519
2019-05-21,ZAR,UYU,sell,2.450519
2019-05-22,ARS,UYU,buy,0.786008
2019-05-22,ARS,UYU,sell,0.786008
2019-05-22,AUD,UYU,buy,24.283611
2019-05-22,AUD,UYU,sell,24.283611
2019-05-22,BRL,UYU,buy,8.730017
2019-05-22,BRL,UYU,sell,8.730017
2019-05-22,CAD,UYU,buy,26.270991
2019-05-22,CAD,UYU,sell,26.270991
2019-05-22,CHF,UYU,buy,34.971995
2019-05-22,CHF,UYU,sell,34.971995
2019-05-22,CLP,UYU,buy,0.050607
2019-05-22,CLP,UYU,sell,0.050607
2019-05-22,CNY,UYU,buy,5.108089
2019-05-22,CNY,UYU,sell,5.108089
2019-05-22,COP,UYU,buy,0.010576
2019-05-22,COP,UYU,sell,0.010576
2019-05-22,DKK,UYU,buy,5.271431
2019-05-22,DKK,UYU,sell,5.271431
2019-05-22,EUR,UYU,buy,39.364956
2019-05-22,EUR,UYU,sell,39.364956
2019-05-22,GBP,UYU,buy,44.681351
2019-05-22,GBP,UYU,sell,44.681351
2019-05-22,HKD,UYU,buy,4.494127
2019-05-22,HKD,UYU,sell,4.494127
2019-05-22,HUF,UYU,buy,0.120651
2019-05-22,HUF,UYU,sell,0.120651
2019-05-22,INR,UYU,buy,0.506377
2019-05-22,INR,UYU,sell,0.506377
2019-05-22,ISK,UYU,buy,0.284844
2019-05-22,ISK,UYU,sell,0.284844
2019-05-22,JPY,UYU,buy,0.319851
2019-05-22,JPY,UYU,sell,0.319851
2019-05-22,KRW,UYU,buy,0.029556
2019-05-22,KRW,UYU,sell,0.029556
2019-05-22,MXN,UYU,buy,1.857866
2019-05-22,MXN,UYU,sell,1.857866
2019-05-22,MYR,UYU,buy,8.427113
2019-05-22,MYR,UYU,sell,8.427113
2019-05-22,NOK,UYU,buy,4.032071
2019-05-22,NOK,UYU,sell,4.032071
2019-05-22,NZD,UYU,buy,22.921881
2019-05-22,NZD,UYU,sell,22.921881
2019-05-22,PEN,UYU,buy,10.556428
2019-05-22,PEN,UYU,sell,10.556428
2019-05-22,PYG,UYU,buy,0.005566
2019-05-22,PYG,UYU,sell,0.005566
2019-05-22,RUB,UYU,buy,0.548016
2019-05-22,RUB,UYU,sell,0.548016
2019-05-22,SEK,UYU,buy,3.664276
2019-05-22,SEK,UYU,sell,3.664276
2019-05-22,TRY,UYU,buy,5.776555
2019-05-22,TRY,UYU,sell,5.776555
2019-05-22,USD,UYU,buy,35.278
2019-05-22,USD,UYU,sell,35.278
2019-05-22,VES,UYU,buy,0.00627
2019-05-22,VES,UYU,sell,0.00627
2019-05-22,XDR,UYU,buy,48.610262
2019-05-22,XDR,UYU,sell,48.610262
2019-05-22,ZAR,UYU,buy,2.455309
2019-05-22,ZAR,UYU,sell,2.455309
2019-05-23,ARS,UYU,buy,0.78117
2019-05-23,ARS,UYU,sell,0.78117
2019-05-23,AUD,UYU,buy,24.269871
2019-05-23,AUD,UYU,sell,24.269871
2019-05-23,BRL,UYU,buy,8.699369
2019-05-23,BRL,UYU,sell,8.699369
2019-05-23,CAD,UYU,buy,26.111008
2019-05-23,CAD,UYU,sell,26.111008
2019-05-23,CHF,UYU,buy,35.118935
2019-05-23,CHF,UYU,sell,35.118935
2019-05-23,CLP,UYU,buy,0.050532
2019-05-23,CLP,UYU,sell,0.050532
2019-05-23,CNY,UYU,buy,5.095434
2019-05-23,CNY,UYU,sell,5.095434
2019-05-23,COP,UYU,buy,0.010418
2019-05-23,COP,UYU,sell,0.010418
2019-05-23,DKK,UYU,buy,5.271849
2019-05-23,DKK,UYU,sell,5.271849
2019-05-23,EUR,UYU,buy,39.372297
2019-05-23,EUR,UYU,sell,39.372297
2019-05-23,GBP,UYU,buy,44.566068
2019-05-23,GBP,UYU,sell,44.566068
2019-05-23,HKD,UYU,buy,4.486062
2019-05-23,HKD,UYU,sell,4.486062
2019-05-23,HUF,UYU,buy,0.120611
2019-05-23,HUF,UYU,sell,0.120611
2019-05-23,INR,UYU,buy,0.502912
2019-05-23,INR,UYU,sell,0.502912
2019-05-23,ISK,UYU,buy,0.284575
2019-05-23,ISK,UYU,sell,0.284575
2019-05-23,JPY,UYU,buy,0.321614
2019-05-23,JPY,UYU,sell,0.321614
2019-05-23,KRW,UYU,buy,0.029608
2019-05-23,KRW,UYU,sell,0.029608
2019-05-23,MXN,UYU,buy,1.844632
2019-05-23,MXN,UYU,sell,1.844632
2019-05-23,MYR,UYU,buy,8.397305
2019-05-23,MYR,UYU,sell,8.397305
2019-05-23,NOK,UYU,buy,4.016402
2019-05-23,NOK,UYU,sell,4.016402
2019-05-23,NZD,UYU,buy,22.952942
2019-05-23,NZD,UYU,sell,22.952942
2019-05-23,PEN,UYU,buy,10.512456
2019-05-23,PEN,UYU,sell,10.512456
2019-05-23,PYG,UYU,buy,0.005574
2019-05-23,PYG,UYU,sell,0.005574
2019-05-23,RUB,UYU,buy,0.542769
2019-05-23,RUB,UYU,sell,0.542769
2019-05-23,SEK,UYU,buy,3.65915
2019-05-23,SEK,UYU,sell,3.65915
2019-05-23,TRY,UYU,buy,5.774494
2019-05-23,TRY,UYU,sell,5.774494
2019-05-23,USD,UYU,buy,35.212
2019-05-23,USD,UYU,sell,35.212
2019-05-23,VES,UYU,buy,0.006253
2019-05-23,VES,UYU,sell,0.006253
2019-05-23,XDR,UYU,buy,48.471431
2019-05-23,XDR,UYU,sell,48.471431
2019-05-23,ZAR,UYU,buy,2.42838
2019-05-23,ZAR,UYU,sell,2.42838
2019-05-24,ARS,UYU,buy,0.783666
2019-05-24,ARS,UYU,sell,0.783666
2019-05-24,AUD,UYU,buy,24.363529
2019-05-24,AUD,UYU,sell,24.363529
2019-05-24,BRL,UYU,buy,8.753113
2019-05-24,BRL,UYU,sell,8.753113
2019-05-24,CAD,UYU,buy,26.155449
2019-05-24,CAD,UYU,sell,26.155449
2019-05-24,CHF,UYU,buy,35.098108
2019-05-24,CHF,UYU,sell,35.098108
2019-05-24,CLP,UYU,buy,0.050601
2019-05-24,CLP,UYU,sell,0.050601
2019-05-24,CNY,UYU,buy,5.09487
2019-05-24,CNY,UYU,sell,5.09487
2019-05-24,COP,UYU,buy,0.010465
2019-05-24,COP,UYU,sell,0.010465
2019-05-24,DKK,UYU,buy,5.275093
2019-05-24,DKK,UYU,sell,5.275093
2019-05-24,EUR,UYU,buy,39.394999
2019-05-24,EUR,UYU,sell,39.394999
2019-05-24,GBP,UYU,buy,44.693711
2019-05-24,GBP,UYU,sell,44.693711
2019-05-24,HKD,UYU,buy,4.478007
2019-05-24,HKD,UYU,sell,4.478007
2019-05-24,HUF,UYU,buy,0.120944
2019-05-24,HUF,UYU,sell,0.120944
2019-05-24,INR,UYU,buy,0.505541
2019-05-24,INR,UYU,sell,0.505541
2019-05-24,ISK,UYU,buy,0.284446
2019-05-24,ISK,UYU,sell,0.284446
2019-05-24,JPY,UYU,buy,0.321509
2019-05-24,JPY,UYU,sell,0.321509
2019-05-24,KRW,UYU,buy,0.029581
2019-05-24,KRW,UYU,sell,0.029581
2019-05-24,MXN,UYU,buy,1.844932
2019-05-24,MXN,UYU,sell,1.844932
2019-05-24,MYR,UYU,buy,8.392789
2019-05-24,MYR,UYU,sell,8.392789
2019-05-24,NOK,UYU,buy,4.046999
2019-05-24,NOK,UYU,sell,4.046999
2019-05-24,NZD,UYU,buy,23.031382
2019-05-24,NZD,UYU,sell,23.031382
2019-05-24,PEN,UYU,buy,10.507922
2019-05-24,PEN,UYU,sell,10.507922
2019-05-24,PYG,UYU,buy,0.005583
2019-05-24,PYG,UYU,sell,0.005583
2019-05-24,RUB,UYU,buy,0.545686
2019-05-24,RUB,UYU,sell,0.545686
2019-05-24,SEK,UYU,buy,3.685328
2019-05-24,SEK,UYU,sell,3.685328
2019-05-24,TRY,UYU,buy,5.782512
2019-05-24,TRY,UYU,sell,5.782512
2019-05-24,USD,UYU,buy,35.149
2019-05-24,USD,UYU,sell,35.149
2019-05-24,VES,UYU,buy,0.006238
2019-05-24,VES,UYU,sell,0.006238
2019-05-24,XDR,UYU,buy,48.499293
2019-05-24,XDR,UYU,sell,48.499293
2019-05-24,ZAR,UYU,buy,2.440216
2019-05-24,ZAR,UYU,sell,2.440216
2019-05-27,ARS,UYU,buy,0.782865
2019-05-27,ARS,UYU,sell,0.782865
2019-05-27,AUD,UYU,buy,24.265106
2019-05-27,AUD,UYU,sell,24.265106
2019-05-27,BRL,UYU,buy,8.686331
2019-05-27,BRL,UYU,sell,8.686331
2019-05-27,CAD,UYU,buy,26.101317
2019-05-27,CAD,UYU,sell,26.101317
2019-05-27,CHF,UYU,buy,34.949948
2019-05-27,CHF,UYU,sell,34.949948
2019-05-27,CLP,UYU,buy,0.050225
2019-05-27,CLP,UYU,sell,0.050225
2019-05-27,CNY,UYU,buy,5.086765
2019-05-27,CNY,UYU,sell,5.086765
2019-05-27,COP,UYU,buy,0.010435
2019-05-27,COP,UYU,sell,0.010435
2019-05-27,DKK,UYU,buy,5.257417
2019-05-27,DKK,UYU,sell,5.257417
2019-05-27,EUR,UYU,buy,39.265226
2019-05-27,EUR,UYU,sell,39.265226
2019-05-27,GBP,UYU,buy,44.491584
2019-05-27,GBP,UYU,sell,44.491584
2019-05-27,HKD,UYU,buy,4.470179
2019-05-27,HKD,UYU,sell,4.470179
2019-05-27,HUF,UYU,buy,0.120525
2019-05-27,HUF,UYU,sell,0.120525
2019-05-27,INR,UYU,buy,0.504818
2019-05-27,INR,UYU,sell,0.504818
2019-05-27,ISK,UYU,buy,0.283264
2019-05-27,ISK,UYU,sell,0.283264
2019-05-27,JPY,UYU,buy,0.320365
2019-05-27,JPY,UYU,sell,0.320365
2019-05-27,KRW,UYU,buy,0.029625
2019-05-27,KRW,UYU,sell,0.029625
2019-05-27,MXN,UYU,buy,1.840745
2019-05-27,MXN,UYU,sell,1.840745
2019-05-27,MYR,UYU,buy,8.381726
2019-05-27,MYR,UYU,sell,8.381726
2019-05-27,NOK,UYU,buy,4.028334
2019-05-27,NOK,UYU,sell,4.028334
2019-05-27,NZD,UYU,buy,22.956324
2019-05-27,NZD,UYU,sell,22.956324
2019-05-27,PEN,UYU,buy,10.466843
2019-05-27,PEN,UYU,sell,10.466843
2019-05-27,PYG,UYU,buy,0.005612
2019-05-27,PYG,UYU,sell,0.005612
2019-05-27,RUB,UYU,buy,0.544687
2019-05-27,RUB,UYU,sell,0.544687
2019-05-27,SEK,UYU,buy,3.661407
2019-05-27,SEK,UYU,sell,3.661407
2019-05-27,TRY,UYU,buy,5.786661
2019-05-27,TRY,UYU,sell,5.786661
2019-05-27,USD,UYU,buy,35.088
2019-05-27,USD,UYU,sell,35.088
2019-05-27,VES,UYU,buy,0.006122
2019-05-27,VES,UYU,sell,0.006122
2019-05-27,XDR,UYU,buy,48.452317
2019-05-27,XDR,UYU,sell,48.452317
2019-05-27,ZAR,UYU,buy,2.432941
2019-05-27,ZAR,UYU,sell,2.432941
2019-05-28,ARS,UYU,buy,0.785846
2019-05-28,ARS,UYU,sell,0.785846
2019-05-28,AUD,UYU,buy,24.304526
2019-05-28,AUD,UYU,sell,24.304526
2019-05-28,BRL,UYU,buy,8.739546
2019-05-28,BRL,UYU,sell,8.739546
2019-05-28,CAD,UYU,buy,26.025275
2019-05-28,CAD,UYU,sell,26.025275
2019-05-28,CHF,UYU,buy,34.835061
2019-05-28,CHF,UYU,sell,34.835061
2019-05-28,CLP,UYU,buy,0.049648
2019-05-28,CLP,UYU,sell,0.049648
2019-05-28,CNY,UYU,buy,5.081257
2019-05-28,CNY,UYU,sell,5.081257
2019-05-28,COP,UYU,buy,0.010396
2019-05-28,COP,UYU,sell,0.010396
2019-05-28,DKK,UYU,buy,5.250667
2019-05-28,DKK,UYU,sell,5.250667
2019-05-28,EUR,UYU,buy,39.204303
2019-05-28,EUR,UYU,sell,39.204303
2019-05-28,GBP,UYU,buy,44.437747
2019-05-28,GBP,UYU,sell,44.437747
2019-05-28,HKD,UYU,buy,4.473436
2019-05-28,HKD,UYU,sell,4.473436
2019-05-28,HUF,UYU,buy,0.119852
2019-05-28,HUF,UYU,sell,0.119852
2019-05-28,INR,UYU,buy,0.503876
2019-05-28,INR,UYU,sell,0.503876
2019-05-28,ISK,UYU,buy,0.282728
2019-05-28,ISK,UYU,sell,0.282728
2019-05-28,JPY,UYU,buy,0.320745
2019-05-28,JPY,UYU,sell,0.320745
2019-05-28,KRW,UYU,buy,0.029599
2019-05-28,KRW,UYU,sell,0.029599
2019-05-28,MXN,UYU,buy,1.82884
2019-05-28,MXN,UYU,sell,1.82884
2019-05-28,MYR,UYU,buy,8.383954
2019-05-28,MYR,UYU,sell,8.383954
2019-05-28,NOK,UYU,buy,4.028292
2019-05-28,NOK,UYU,sell,4.028292
2019-05-28,NZD,UYU,buy,22.965004
2019-05-28,NZD,UYU,sell,22.965004
2019-05-28,PEN,UYU,buy,10.469006
2019-05-28,PEN,UYU,sell,10.469006
2019-05-28,PYG,UYU,buy,0.005517
2019-05-28,PYG,UYU,sell,0.005517
2019-05-28,RUB,UYU,buy,0.542566
2019-05-28,RUB,UYU,sell,0.542566
2019-05-28,SEK,UYU,buy,3.662116
2019-05-28,SEK,UYU,sell,3.662116
2019-05-28,TRY,UYU,buy,5.818495
2019-05-28,TRY,UYU,sell,5.818495
2019-05-28,USD,UYU,buy,35.112
2019-05-28,USD,UYU,sell,35.112
2019-05-28,VES,UYU,buy,0.006093
2019-05-28,VES,UYU,sell,0.006093
2019-05-28,XDR,UYU,buy,48.447186
2019-05-28,XDR,UYU,sell,48.447186
2019-05-28,ZAR,UYU,buy,2.384727
2019-05-28,ZAR,UYU,sell,2.384727
2019-05-29,ARS,UYU,buy,0.791967
2019-05-29,ARS,UYU,sell,0.791967
2019-05-29,AUD,UYU,buy,24.328544
2019-05-29,AUD,UYU,sell,24.328544
2019-05-29,BRL,UYU,buy,8.833754
2019-05-29,BRL,UYU,sell,8.833754
2019-05-29,CAD,UYU,buy,26.028917
2019-05-29,CAD,UYU,sell,26.028917
2019-05-29,CHF,UYU,buy,34.924336
2019-05-29,CHF,UYU,sell,34.924336
2019-05-29,CLP,UYU,buy,0.049861
2019-05-29,CLP,UYU,sell,0.049861
2019-05-29,CNY,UYU,buy,5.090028
2019-05-29,CNY,UYU,sell,5.090028
2019-05-29,COP,UYU,buy,0.010497
2019-05-29,COP,UYU,sell,0.010497
2019-05-29,DKK,UYU,buy,5.248089
2019-05-29,DKK,UYU,sell,5.248089
2019-05-29,EUR,UYU,buy,39.180833
2019-05-29,EUR,UYU,sell,39.180833
2019-05-29,GBP,UYU,buy,44.426649
2019-05-29,GBP,UYU,sell,44.426649
2019-05-29,HKD,UYU,buy,4.483668
2019-05-29,HKD,UYU,sell,4.483668
2019-05-29,HUF,UYU,buy,0.120244
2019-05-29,HUF,UYU,sell,0.120244
2019-05-29,INR,UYU,buy,0.503983
2019-05-29,INR,UYU,sell,0.503983
2019-05-29,ISK,UYU,buy,0.282906
2019-05-29,ISK,UYU,sell,0.282906
2019-05-29,JPY,UYU,buy,0.321577
2019-05-29,JPY,UYU,sell,0.321577
2019-05-29,KRW,UYU,buy,0.029464
2019-05-29,KRW,UYU,sell,0.029464
2019-05-29,MXN,UYU,buy,1.836962
2019-05-29,MXN,UYU,sell,1.836962
2019-05-29,MYR,UYU,buy,8.39175
2019-05-29,MYR,UYU,sell,8.39175
2019-05-29,NOK,UYU,buy,4.020149
2019-05-29,NOK,UYU,sell,4.020149
2019-05-29,NZD,UYU,buy,22.917224
2019-05-29,NZD,UYU,sell,22.917224
2019-05-29,PEN,UYU,buy,10.487812
2019-05-29,PEN,UYU,sell,10.487812
2019-05-29,PYG,UYU,buy,0.005578
2019-05-29,PYG,UYU,sell,0.005578
2019-05-29,RUB,UYU,buy,0.541027
2019-05-29,RUB,UYU,sell,0.541027
2019-05-29,SEK,UYU,buy,3.683219
2019-05-29,SEK,UYU,sell,3.683219
2019-05-29,TRY,UYU,buy,5.847171
2019-05-29,TRY,UYU,sell,5.847171
2019-05-29,USD,UYU,buy,35.195
2019-05-29,USD,UYU,sell,35.195
2019-05-29,VES,UYU,buy,0.006107
2019-05-29,VES,UYU,sell,0.006107
2019-05-29,XDR,UYU,buy,48.508917
2019-05-29,XDR,UYU,sell,48.508917
2019-05-29,ZAR,UYU,buy,2.392769
2019-05-29,ZAR,UYU,sell,2.392769
2019-05-30,ARS,UYU,buy,0.790546
2019-05-30,ARS,UYU,sell,0.790546
2019-05-30,AUD,UYU,buy,24.354053
2019-05-30,AUD,UYU,sell,24.354053
2019-05-30,BRL,UYU,buy,8.878502
2019-05-30,BRL,UYU,sell,8.878502
2019-05-30,CAD,UYU,buy,26.085058
2019-05-30,CAD,UYU,sell,26.085058
2019-05-30,CHF,UYU,buy,34.979898
2019-05-30,CHF,UYU,sell,34.979898
2019-05-30,CLP,UYU,buy,0.049678
2019-05-30,CLP,UYU,sell,0.049678
2019-05-30,CNY,UYU,buy,5.105405
2019-05-30,CNY,UYU,sell,5.105405
2019-05-30,COP,UYU,buy,0.010474
2019-05-30,COP,UYU,sell,0.010474
2019-05-30,DKK,UYU,buy,5.254235
2019-05-30,DKK,UYU,sell,5.254235
2019-05-30,EUR,UYU,buy,39.234637
2019-05-30,EUR,UYU,sell,39.234637
2019-05-30,GBP,UYU,buy,44.430333
2019-05-30,GBP,UYU,sell,44.430333
2019-05-30,HKD,UYU,buy,4.490134
2019-05-30,HKD,UYU,sell,4.490134
2019-05-30,HUF,UYU,buy,0.120852
2019-05-30,HUF,UYU,sell,0.120852
2019-05-30,INR,UYU,buy,0.504286
2019-05-30,INR,UYU,sell,0.504286
2019-05-30,ISK,UYU,buy,0.283255
2019-05-30,ISK,UYU,sell,0.283255
2019-05-30,JPY,UYU,buy,0.321681
2019-05-30,JPY,UYU,sell,0.321681
2019-05-30,KRW,UYU,buy,0.029634
2019-05-30,KRW,UYU,sell,0.029634
2019-05-30,MXN,UYU,buy,1.84442
2019-05-30,MXN,UYU,sell,1.84442
2019-05-30,MYR,UYU,buy,8.405773
2019-05-30,MYR,UYU,sell,8.405773
2019-05-30,NOK,UYU,buy,4.016116
2019-05-30,NOK,UYU,sell,4.016116
2019-05-30,NZD,UYU,buy,22.934001
2019-05-30,NZD,UYU,sell,22.934001
2019-05-30,PEN,UYU,buy,10.46913
2019-05-30,PEN,UYU,sell,10.46913
2019-05-30,PYG,UYU,buy,0.005583
2019-05-30,PYG,UYU,sell,0.005583
2019-05-30,RUB,UYU,buy,0.540706
2019-05-30,RUB,UYU,sell,0.540706
2019-05-30,SEK,UYU,buy,3.696919
2019-05-30,SEK,UYU,sell,3.696919
2019-05-30,TRY,UYU,buy,5.998144
2019-05-30,TRY,UYU,sell,5.998144
2019-05-30,USD,UYU,buy,35.237
2019-05-30,USD,UYU,sell,35.237
2019-05-30,VES,UYU,buy,0.006052
2019-05-30,VES,UYU,sell,0.006052
2019-05-30,XDR,UYU,buy,48.524168
2019-05-30,XDR,UYU,sell,48.524168
2019-05-30,ZAR,UYU,buy,2.393184
2019-05-30,ZAR,UYU,sell,2.393184
2019-05-31,ARS,UYU,buy,0.787095
2019-05-31,ARS,UYU,sell,0.787095
2019-05-31,AUD,UYU,buy,24.461363
2019-05-31,AUD,UYU,sell,24.461363
2019-05-31,BRL,UYU,buy,8.986209
2019-05-31,BRL,UYU,sell,8.986209
2019-05-31,CAD,UYU,buy,26.071072
2019-05-31,CAD,UYU,sell,26.071072
2019-05-31,CHF,UYU,buy,35.225581
2019-05-31,CHF,UYU,sell,35.225581
2019-05-31,CLP,UYU,buy,0.049636
2019-05-31,CLP,UYU,sell,0.049636
2019-05-31,CNY,UYU,buy,5.105286
2019-05-31,CNY,UYU,sell,5.105286
2019-05-31,COP,UYU,buy,0.010431
2019-05-31,COP,UYU,sell,0.010431
2019-05-31,DKK,UYU,buy,5.27389
2019-05-31,DKK,UYU,sell,5.27389
2019-05-31,EUR,UYU,buy,39.383534
2019-05-31,EUR,UYU,sell,39.383534
2019-05-31,GBP,UYU,buy,44.542665
2019-05-31,GBP,UYU,sell,44.542665
2019-05-31,HKD,UYU,buy,4.496801
2019-05-31,HKD,UYU,sell,4.496801
2019-05-31,HUF,UYU,buy,0.12119
2019-05-31,HUF,UYU,sell,0.12119
2019-05-31,INR,UYU,buy,0.505777
2019-05-31,INR,UYU,sell,0.505777
2019-05-31,ISK,UYU,buy,0.284749
2019-05-31,ISK,UYU,sell,0.284749
2019-05-31,JPY,UYU,buy,0.325187
2019-05-31,JPY,UYU,sell,0.325187
2019-05-31,KRW,UYU,buy,0.029601
2019-05-31,KRW,UYU,sell,0.029601
2019-05-31,MXN,UYU,buy,1.794287
2019-05-31,MXN,UYU,sell,1.794287
2019-05-31,MYR,UYU,buy,8.413365
2019-05-31,MYR,UYU,sell,8.413365
2019-05-31,NOK,UYU,buy,4.03032
2019-05-31,NOK,UYU,sell,4.03032
2019-05-31,NZD,UYU,buy,23.067146
2019-05-31,NZD,UYU,sell,23.067146
2019-05-31,PEN,UYU,buy,10.426192
2019-05-31,PEN,UYU,sell,10.426192
2019-05-31,PYG,UYU,buy,0.005619
2019-05-31,PYG,UYU,sell,0.005619
2019-05-31,RUB,UYU,buy,0.53912
2019-05-31,RUB,UYU,sell,0.53912
2019-05-31,SEK,UYU,buy,3.716762
2019-05-31,SEK,UYU,sell,3.716762
2019-05-31,TRY,UYU,buy,6.046758
2019-05-31,TRY,UYU,sell,6.046758
2019-05-31,USD,UYU,buy,35.252
2019-05-31,USD,UYU,sell,35.252
2019-05-31,VES,UYU,buy,0.006159
2019-05-31,VES,UYU,sell,0.006159
2019-05-31,XDR,UYU,buy,48.56386
2019-05-31,XDR,UYU,sell,48.56386
2019-05-31,ZAR,UYU,buy,2.42009
2019-05-31,ZAR,UYU,sell,2.42009
2019-06-03,ARS,UYU,buy,0.784
2019-06-03,ARS,UYU,sell,0.784
2019-06-03,AUD,UYU,buy,24.548241
2019-06-03,AUD,UYU,sell,24.548241
2019-06-03,BRL,UYU,buy,9.026233
2019-06-03,BRL,UYU,sell,9.026233
2019-06-03,CAD,UYU,buy,26.168322
2019-06-03,CAD,UYU,sell,26.168322
2019-06-03,CHF,UYU,buy,35.460364
2019-06-03,CHF,UYU,sell,35.460364
2019-06-03,CLP,UYU,buy,0.050135
2019-06-03,CLP,UYU,sell,0.050135
2019-06-03,CNY,UYU,buy,5.096107
2019-06-03,CNY,UYU,sell,5.096107
2019-06-03,COP,UYU,buy,0.01048
2019-06-03,COP,UYU,sell,0.01048
2019-06-03,DKK,UYU,buy,5.303926
2019-06-03,DKK,UYU,sell,5.303926
2019-06-03,EUR,UYU,buy,39.606136
2019-06-03,EUR,UYU,sell,39.606136
2019-06-03,GBP,UYU,buy,44.566799
2019-06-03,GBP,UYU,sell,44.566799
2019-06-03,HKD,UYU,buy,4.489246
2019-06-03,HKD,UYU,sell,4.489246
2019-06-03,HUF,UYU,buy,0.12254
2019-06-03,HUF,UYU,sell,0.12254
2019-06-03,INR,UYU,buy,0.507933
2019-06-03,INR,UYU,sell,0.507933
2019-06-03,ISK,UYU,buy,0.28514
2019-06-03,ISK,UYU,sell,0.28514
2019-06-03,JPY,UYU,buy,0.325714
2019-06-03,JPY,UYU,sell,0.325714
2019-06-03,KRW,UYU,buy,0.029761
2019-06-03,KRW,UYU,sell,0.029761
2019-06-03,MXN,UYU,buy,1.770988
2019-06-03,MXN,UYU,sell,1.770988
2019-06-03,MYR,UYU,buy,8.41423
2019-06-03,MYR,UYU,sell,8.41423
2019-06-03,NOK,UYU,buy,4.042143
2019-06-03,NOK,UYU,sell,4.042143
2019-06-03,NZD,UYU,buy,23.218361
2019-06-03,NZD,UYU,sell,23.218361
2019-06-03,PEN,UYU,buy,10.467873
2019-06-03,PEN,UYU,sell,10.467873
2019-06-03,PYG,UYU,buy,0.005593
2019-06-03,PYG,UYU,sell,0.005593
2019-06-03,RUB,UYU,buy,0.538801
2019-06-03,RUB,UYU,sell,0.538801
2019-06-03,SEK,UYU,buy,3.726551
2019-06-03,SEK,UYU,sell,3.726551
2019-06-03,TRY,UYU,buy,6.030149
2019-06-03,TRY,UYU,sell,6.030149
2019-06-03,USD,UYU,buy,35.182
2019-06-03,USD,UYU,sell,35.182
2019-06-03,VES,UYU,buy,0.006147
2019-06-03,VES,UYU,sell,0.006147
2019-06-03,XDR,UYU,buy,48.569103
2019-06-03,XDR,UYU,sell,48.569103
2019-06-03,ZAR,UYU,buy,2.430116
2019-06-03,ZAR,UYU,sell,2.430116
2019-06-04,ARS,UYU,buy,0.78392
2019-06-04,ARS,UYU,sell,0.78392
2019-06-04,AUD,UYU,buy,24.528337
2019-06-04,AUD,UYU,sell,24.528337
2019-06-04,BRL,UYU,buy,9.094164
2019-06-04,BRL,UYU,sell,9.094164
2019-06-04,CAD,UYU,buy,26.167743
2019-06-04,CAD,UYU,sell,26.167743
2019-06-04,CHF,UYU,buy,35.376697
2019-06-04,CHF,UYU,sell,35.376697
2019-06-04,CLP,UYU,buy,0.050499
2019-06-04,CLP,UYU,sell,0.050499
2019-06-04,CNY,UYU,buy,5.074335
2019-06-04,CNY,UYU,sell,5.074335
2019-06-04,COP,UYU,buy,0.010647
2019-06-04,COP,UYU,sell,0.010647
2019-06-04,DKK,UYU,buy,5.285115
2019-06-04,DKK,UYU,sell,5.285115
2019-06-04,EUR,UYU,buy,39.466172
2019-06-04,EUR,UYU,sell,39.466172
2019-06-04,GBP,UYU,buy,44.533084
2019-06-04,GBP,UYU,sell,44.533084
2019-06-04,HKD,UYU,buy,4.469735
2019-06-04,HKD,UYU,sell,4.469735
2019-06-04,HUF,UYU,buy,0.122556
2019-06-04,HUF,UYU,sell,0.122556
2019-06-04,INR,UYU,buy,0.506107
2019-06-04,INR,UYU,sell,0.506107
2019-06-04,ISK,UYU,buy,0.282925
2019-06-04,ISK,UYU,sell,0.282925
2019-06-04,JPY,UYU,buy,0.324384
2019-06-04,JPY,UYU,sell,0.324384
2019-06-04,KRW,UYU,buy,0.029637
2019-06-04,KRW,UYU,sell,0.029637
2019-06-04,MXN,UYU,buy,1.79269
2019-06-04,MXN,UYU,sell,1.79269
2019-06-04,MYR,UYU,buy,8.396431
2019-06-04,MYR,UYU,sell,8.396431
2019-06-04,NOK,UYU,buy,4.034785
2019-06-04,NOK,UYU,sell,4.034785
2019-06-04,NZD,UYU,buy,23.185807
2019-06-04,NZD,UYU,sell,23.185807
2019-06-04,PEN,UYU,buy,10.467331
2019-06-04,PEN,UYU,sell,10.467331
2019-06-04,PYG,UYU,buy,0.005587
2019-06-04,PYG,UYU,sell,0.005587
2019-06-04,RUB,UYU,buy,0.538691
2019-06-04,RUB,UYU,sell,0.538691
2019-06-04,SEK,UYU,buy,3.716805
2019-06-04,SEK,UYU,sell,3.716805
2019-06-04,TRY,UYU,buy,6.065844
2019-06-04,TRY,UYU,sell,6.065844
2019-06-04,USD,UYU,buy,35.053
2019-06-04,USD,UYU,sell,35.053
2019-06-04,VES,UYU,buy,0.005961
2019-06-04,VES,UYU,sell,0.005961
2019-06-04,XDR,UYU,buy,48.515806
2019-06-04,XDR,UYU,sell,48.515806
2019-06-04,ZAR,UYU,buy,2.391195
2019-06-04,ZAR,UYU,sell,2.391195
2019-06-05,ARS,UYU,buy,0.780652
2019-06-05,ARS,UYU,sell,0.780652
2019-06-05,AUD,UYU,buy,24.426639
2019-06-05,AUD,UYU,sell,24.426639
2019-06-05,BRL,UYU,buy,9.032316
2019-06-05,BRL,UYU,sell,9.032316
2019-06-05,CAD,UYU,buy,26.126448
2019-06-05,CAD,UYU,sell,26.126448
2019-06-05,CHF,UYU,buy,35.269326
2019-06-05,CHF,UYU,sell,35.269326
2019-06-05,CLP,UYU,buy,0.050519
2019-06-05,CLP,UYU,sell,0.050519
2019-06-05,CNY,UYU,buy,5.075048
2019-06-05,CNY,UYU,sell,5.075048
2019-06-05,COP,UYU,buy,0.010605
2019-06-05,COP,UYU,sell,0.010605
2019-06-05,DKK,UYU,buy,5.27176
2019-06-05,DKK,UYU,sell,5.27176
2019-06-05,EUR,UYU,buy,39.372242
2019-06-05,EUR,UYU,sell,39.372242
2019-06-05,GBP,UYU,buy,44.512479
2019-06-05,GBP,UYU,sell,44.512479
2019-06-05,HKD,UYU,buy,4.471466
2019-06-05,HKD,UYU,sell,4.471466
2019-06-05,HUF,UYU,buy,0.122351
2019-06-05,HUF,UYU,sell,0.122351
2019-06-05,INR,UYU,buy,0.506252
2019-06-05,INR,UYU,sell,0.506252
2019-06-05,ISK,UYU,buy,0.281845
2019-06-05,ISK,UYU,sell,0.281845
2019-06-05,JPY,UYU,buy,0.323474
2019-06-05,JPY,UYU,sell,0.323474
2019-06-05,KRW,UYU,buy,0.029752
2019-06-05,KRW,UYU,sell,0.029752
2019-06-05,MXN,UYU,buy,1.794197
2019-06-05,MXN,UYU,sell,1.794197
2019-06-05,MYR,UYU,buy,8.398826
2019-06-05,MYR,UYU,sell,8.398826
2019-06-05,NOK,UYU,buy,4.013829
2019-06-05,NOK,UYU,sell,4.013829
2019-06-05,NZD,UYU,buy,23.20294
2019-06-05,NZD,UYU,sell,23.20294
2019-06-05,PEN,UYU,buy,10.493191
2019-06-05,PEN,UYU,sell,10.493191
2019-06-05,PYG,UYU,buy,0.005574
2019-06-05,PYG,UYU,sell,0.005574
2019-06-05,RUB,UYU,buy,0.53705
2019-06-05,RUB,UYU,sell,0.53705
2019-06-05,SEK,UYU,buy,3.714793
2019-06-05,SEK,UYU,sell,3.714793
2019-06-05,TRY,UYU,buy,6.116955
2019-06-05,TRY,UYU,sell,6.116955
2019-06-05,USD,UYU,buy,35.063
2019-06-05,USD,UYU,sell,35.063
2019-06-05,VES,UYU,buy,0.005946
2019-06-05,VES,UYU,sell,0.005946
2019-06-05,XDR,UYU,buy,48.5314
2019-06-05,XDR,UYU,sell,48.5314
2019-06-05,ZAR,UYU,buy,2.355648
2019-06-05,ZAR,UYU,sell,2.355648
2019-06-06,ARS,UYU,buy,0.786022
2019-06-06,ARS,UYU,sell,0.786022
2019-06-06,AUD,UYU,buy,24.632668
2019-06-06,AUD,UYU,sell,24.632668
2019-06-06,BRL,UYU,buy,9.101878
2019-06-06,BRL,UYU,sell,9.101878
2019-06-06,CAD,UYU,buy,26.409575
2019-06-06,CAD,UYU,sell,26.409575
2019-06-06,CHF,UYU,buy,35.614628
2019-06-06,CHF,UYU,sell,35.614628
2019-06-06,CLP,UYU,buy,0.050986
2019-06-06,CLP,UYU,sell,0.050986
2019-06-06,CNY,UYU,buy,5.109268
2019-06-06,CNY,UYU,sell,5.109268
2019-06-06,COP,UYU,buy,0.010726
2019-06-06,COP,UYU,sell,0.010726
2019-06-06,DKK,UYU,buy,5.330404
2019-06-06,DKK,UYU,sell,5.330404
2019-06-06,EUR,UYU,buy,39.805897
2019-06-06,EUR,UYU,sell,39.805897
2019-06-06,GBP,UYU,buy,44.815393
2019-06-06,GBP,UYU,sell,44.815393
2019-06-06,HKD,UYU,buy,4.502905
2019-06-06,HKD,UYU,sell,4.502905
2019-06-06,HUF,UYU,buy,0.123952
2019-06-06,HUF,UYU,sell,0.123952
2019-06-06,INR,UYU,buy,0.509588
2019-06-06,INR,UYU,sell,0.509588
2019-06-06,ISK,UYU,buy,0.285819
2019-06-06,ISK,UYU,sell,0.285819
2019-06-06,JPY,UYU,buy,0.325598
2019-06-06,JPY,UYU,sell,0.325598
2019-06-06,KRW,UYU,buy,0.029886
2019-06-06,KRW,UYU,sell,0.029886
2019-06-06,MXN,UYU,buy,1.7967
2019-06-06,MXN,UYU,sell,1.7967
2019-06-06,MYR,UYU,buy,8.456213
2019-06-06,MYR,UYU,sell,8.456213
2019-06-06,NOK,UYU,buy,4.059216
2019-06-06,NOK,UYU,sell,4.059216
2019-06-06,NZD,UYU,buy,23.386472
2019-06-06,NZD,UYU,sell,23.386472
2019-06-06,PEN,UYU,buy,10.581641
2019-06-06,PEN,UYU,sell,10.581641
2019-06-06,PYG,UYU,buy,0.004193
2019-06-06,PYG,UYU,sell,0.004193
2019-06-06,RUB,UYU,buy,0.54259
2019-06-06,RUB,UYU,sell,0.54259
2019-06-06,SEK,UYU,buy,3.748401
2019-06-06,SEK,UYU,sell,3.748401
2019-06-06,TRY,UYU,buy,6.107891
2019-06-06,TRY,UYU,sell,6.107891
2019-06-06,USD,UYU,buy,35.303
2019-06-06,USD,UYU,sell,35.303
2019-06-06,VES,UYU,buy,0.005972
2019-06-06,VES,UYU,sell,0.005972
2019-06-06,XDR,UYU,buy,48.818401
2019-06-06,XDR,UYU,sell,48.818401
2019-06-06,ZAR,UYU,buy,2.354334
2019-06-06,ZAR,UYU,sell,2.354334
2019-06-07,ARS,UYU,buy,0.788152
2019-06-07,ARS,UYU,sell,0.788152
2019-06-07,AUD,UYU,buy,24.758704
2019-06-07,AUD,UYU,sell,24.758704
2019-06-07,BRL,UYU,buy,9.136523
2019-06-07,BRL,UYU,sell,9.136523
2019-06-07,CAD,UYU,buy,26.641052
2019-06-07,CAD,UYU,sell,26.641052
2019-06-07,CHF,UYU,buy,35.822317
2019-06-07,CHF,UYU,sell,35.822317
2019-06-07,CLP,UYU,buy,0.051097
2019-06-07,CLP,UYU,sell,0.051097
2019-06-07,CNY,UYU,buy,5.117659
2019-06-07,CNY,UYU,sell,5.117659
2019-06-07,COP,UYU,buy,0.010819
2019-06-07,COP,UYU,sell,0.010819
2019-06-07,DKK,UYU,buy,5.367353
2019-06-07,DKK,UYU,sell,5.367353
2019-06-07,EUR,UYU,buy,40.079291
2019-06-07,EUR,UYU,sell,40.079291
2019-06-07,GBP,UYU,buy,45.045884
2019-06-07,GBP,UYU,sell,45.045884
2019-06-07,HKD,UYU,buy,4.509251
2019-06-07,HKD,UYU,sell,4.509251
2019-06-07,HUF,UYU,buy,0.125246
2019-06-07,HUF,UYU,sell,0.125246
2019-06-07,INR,UYU,buy,0.509025
2019-06-07,INR,UYU,sell,0.509025
2019-06-07,ISK,UYU,buy,0.286089
2019-06-07,ISK,UYU,sell,0.286089
2019-06-07,JPY,UYU,buy,0.326926
2019-06-07,JPY,UYU,sell,0.326926
2019-06-07,KRW,UYU,buy,0.029933
2019-06-07,KRW,UYU,sell,0.029933
2019-06-07,MXN,UYU,buy,1.80492
2019-06-07,MXN,UYU,sell,1.80492
2019-06-07,MYR,UYU,buy,8.502525
2019-06-07,MYR,UYU,sell,8.502525
2019-06-07,NOK,UYU,buy,4.100845
2019-06-07,NOK,UYU,sell,4.100845
2019-06-07,NZD,UYU,buy,23.563469
2019-06-07,NZD,UYU,sell,23.563469
2019-06-07,PEN,UYU,buy,10.626878
2019-06-07,PEN,UYU,sell,10.626878
2019-06-07,PYG,UYU,buy,0.00564
2019-06-07,PYG,UYU,sell,0.00564
2019-06-07,RUB,UYU,buy,0.545331
2019-06-07,RUB,UYU,sell,0.545331
2019-06-07,SEK,UYU,buy,3.764057
2019-06-07,SEK,UYU,sell,3.764057
2019-06-07,TRY,UYU,buy,6.070521
2019-06-07,TRY,UYU,sell,6.070521
2019-06-07,USD,UYU,buy,35.362
2019-06-07,USD,UYU,sell,35.362
2019-06-07,VES,UYU,buy,0.005868
2019-06-07,VES,UYU,sell,0.005868
2019-06-07,XDR,UYU,buy,48.920144
2019-06-07,XDR,UYU,sell,48.920144
2019-06-07,ZAR,UYU,buy,2.363952
2019-06-07,ZAR,UYU,sell,2.363952
2019-06-10,ARS,UYU,buy,0.788706
2019-06-10,ARS,UYU,sell,0.788706
2019-06-10,AUD,UYU,buy,24.63834
2019-06-10,AUD,UYU,sell,24.63834
2019-06-10,BRL,UYU,buy,9.131119
2019-06-10,BRL,UYU,sell,9.131119
2019-06-10,CAD,UYU,buy,26.681488
2019-06-10,CAD,UYU,sell,26.681488
2019-06-10,CHF,UYU,buy,35.778889
2019-06-10,CHF,UYU,sell,35.778889
2019-06-10,CLP,UYU,buy,0.050747
2019-06-10,CLP,UYU,sell,0.050747
2019-06-10,CNY,UYU,buy,5.108136
2019-06-10,CNY,UYU,sell,5.108136
2019-06-10,COP,UYU,buy,0.010858
2019-06-10,COP,UYU,sell,0.010858
2019-06-10,DKK,UYU,buy,5.363825
2019-06-10,DKK,UYU,sell,5.363825
2019-06-10,EUR,UYU,buy,40.060758
2019-06-10,EUR,UYU,sell,40.060758
2019-06-10,GBP,UYU,buy,44.925405
2019-06-10,GBP,UYU,sell,44.925405
2019-06-10,HKD,UYU,buy,4.514216
2019-06-10,HKD,UYU,sell,4.514216
2019-06-10,HUF,UYU,buy,0.125064
2019-06-10,HUF,UYU,sell,0.125064
2019-06-10,INR,UYU,buy,0.5083
2019-06-10,INR,UYU,sell,0.5083
2019-06-10,ISK,UYU,buy,0.285974
2019-06-10,ISK,UYU,sell,0.285974
2019-06-10,JPY,UYU,buy,0.326539
2019-06-10,JPY,UYU,sell,0.326539
2019-06-10,KRW,UYU,buy,0.029874
2019-06-10,KRW,UYU,sell,0.029874
2019-06-10,MXN,UYU,buy,1.846463
2019-06-10,MXN,UYU,sell,1.846463
2019-06-10,MYR,UYU,buy,8.502131
2019-06-10,MYR,UYU,sell,8.502131
2019-06-10,NOK,UYU,buy,4.090746
2019-06-10,NOK,UYU,sell,4.090746
2019-06-10,NZD,UYU,buy,23.404475
2019-06-10,NZD,UYU,sell,23.404475
2019-06-10,PEN,UYU,buy,10.617625
2019-06-10,PEN,UYU,sell,10.617625
2019-06-10,PYG,UYU,buy,0.005656
2019-06-10,PYG,UYU,sell,0.005656
2019-06-10,RUB,UYU,buy,0.54683
2019-06-10,RUB,UYU,sell,0.54683
2019-06-10,SEK,UYU,buy,3.758872
2019-06-10,SEK,UYU,sell,3.758872
2019-06-10,TRY,UYU,buy,6.12628
2019-06-10,TRY,UYU,sell,6.12628
2019-06-10,USD,UYU,buy,35.405
2019-06-10,USD,UYU,sell,35.405
2019-06-10,VES,UYU,buy,0.00586
2019-06-10,VES,UYU,sell,0.00586
2019-06-10,XDR,UYU,buy,49.023179
2019-06-10,XDR,UYU,sell,49.023179
2019-06-10,ZAR,UYU,buy,2.389566
2019-06-10,ZAR,UYU,sell,2.389566
2019-06-11,ARS,UYU,buy,0.790828
2019-06-11,ARS,UYU,sell,0.790828
2019-06-11,AUD,UYU,buy,24.603224
2019-06-11,AUD,UYU,sell,24.603224
2019-06-11,BRL,UYU,buy,9.182457
2019-06-11,BRL,UYU,sell,9.182457
2019-06-11,CAD,UYU,buy,26.609461
2019-06-11,CAD,UYU,sell,26.609461
2019-06-11,CHF,UYU,buy,35.624528
2019-06-11,CHF,UYU,sell,35.624528
2019-06-11,CLP,UYU,buy,0.051033
2019-06-11,CLP,UYU,sell,0.051033
2019-06-11,CNY,UYU,buy,5.115027
2019-06-11,CNY,UYU,sell,5.115027
2019-06-11,COP,UYU,buy,0.010845
2019-06-11,COP,UYU,sell,0.010845
2019-06-11,DKK,UYU,buy,5.362254
2019-06-11,DKK,UYU,sell,5.362254
2019-06-11,EUR,UYU,buy,40.046746
2019-06-11,EUR,UYU,sell,40.046746
2019-06-11,GBP,UYU,buy,44.958906
2019-06-11,GBP,UYU,sell,44.958906
2019-06-11,HKD,UYU,buy,4.510622
2019-06-11,HKD,UYU,sell,4.510622
2019-06-11,HUF,UYU,buy,0.124676
2019-06-11,HUF,UYU,sell,0.124676
2019-06-11,INR,UYU,buy,0.509019
2019-06-11,INR,UYU,sell,0.509019
2019-06-11,ISK,UYU,buy,0.284615
2019-06-11,ISK,UYU,sell,0.284615
2019-06-11,JPY,UYU,buy,0.32575
2019-06-11,JPY,UYU,sell,0.32575
2019-06-11,KRW,UYU,buy,0.029941
2019-06-11,KRW,UYU,sell,0.029941
2019-06-11,MXN,UYU,buy,1.848263
2019-06-11,MXN,UYU,sell,1.848263
2019-06-11,MYR,UYU,buy,8.491443
2019-06-11,MYR,UYU,sell,8.491443
2019-06-11,NOK,UYU,buy,4.09636
2019-06-11,NOK,UYU,sell,4.09636
2019-06-11,NZD,UYU,buy,23.270454
2019-06-11,NZD,UYU,sell,23.270454
2019-06-11,PEN,UYU,buy,10.626588
2019-06-11,PEN,UYU,sell,10.626588
2019-06-11,PYG,UYU,buy,0.005652
2019-06-11,PYG,UYU,sell,0.005652
2019-06-11,RUB,UYU,buy,0.547894
2019-06-11,RUB,UYU,sell,0.547894
2019-06-11,SEK,UYU,buy,3.740596
2019-06-11,SEK,UYU,sell,3.740596
2019-06-11,TRY,UYU,buy,6.093649
2019-06-11,TRY,UYU,sell,6.093649
2019-06-11,USD,UYU,buy,35.352
2019-06-11,USD,UYU,sell,35.352
2019-06-11,VES,UYU,buy,0.005815
2019-06-11,VES,UYU,sell,0.005815
2019-06-11,XDR,UYU,buy,48.983024
2019-06-11,XDR,UYU,sell,48.983024
2019-06-11,ZAR,UYU,buy,2.409266
2019-06-11,ZAR,UYU,sell,2.409266
2019-06-12,ARS,UYU,buy,0.808114
2019-06-12,ARS,UYU,sell,0.808114
2019-06-12,AUD,UYU,buy,24.447774
2019-06-12,AUD,UYU,sell,24.447774
2019-06-12,BRL,UYU,buy,9.155783
2019-06-12,BRL,UYU,sell,9.155783
2019-06-12,CAD,UYU,buy,26.471669
2019-06-12,CAD,UYU,sell,26.471669
2019-06-12,CHF,UYU,buy,35.450208
2019-06-12,CHF,UYU,sell,35.450208
2019-06-12,CLP,UYU,buy,0.050741
2019-06-12,CLP,UYU,sell,0.050741
2019-06-12,CNY,UYU,buy,5.102274
2019-06-12,CNY,UYU,sell,5.102274
2019-06-12,COP,UYU,buy,0.0108
2019-06-12,COP,UYU,sell,0.0108
2019-06-12,DKK,UYU,buy,5.33426
2019-06-12,DKK,UYU,sell,5.33426
2019-06-12,EUR,UYU,buy,39.833301
2019-06-12,EUR,UYU,sell,39.833301
2019-06-12,GBP,UYU,buy,44.7818
2019-06-12,GBP,UYU,sell,44.7818
2019-06-12,HKD,UYU,buy,4.510671
2019-06-12,HKD,UYU,sell,4.510671
2019-06-12,HUF,UYU,buy,0.12365
2019-06-12,HUF,UYU,sell,0.12365
2019-06-12,INR,UYU,buy,0.508955
2019-06-12,INR,UYU,sell,0.508955
2019-06-12,ISK,UYU,buy,0.281625
2019-06-12,ISK,UYU,sell,0.281625
2019-06-12,JPY,UYU,buy,0.325264
2019-06-12,JPY,UYU,sell,0.325264
2019-06-12,KRW,UYU,buy,0.029841
2019-06-12,KRW,UYU,sell,0.029841
2019-06-12,MXN,UYU,buy,1.838352
2019-06-12,MXN,UYU,sell,1.838352
2019-06-12,MYR,UYU,buy,8.487676
2019-06-12,MYR,UYU,sell,8.487676
2019-06-12,NOK,UYU,buy,4.073117
2019-06-12,NOK,UYU,sell,4.073117
2019-06-12,NZD,UYU,buy,23.191237
2019-06-12,NZD,UYU,sell,23.191237
2019-06-12,PEN,UYU,buy,10.597172
2019-06-12,PEN,UYU,sell,10.597172
2019-06-12,PYG,UYU,buy,0.005633
2019-06-12,PYG,UYU,sell,0.005633
2019-06-12,RUB,UYU,buy,0.543535
2019-06-12,RUB,UYU,sell,0.543535
2019-06-12,SEK,UYU,buy,3.72645
2019-06-12,SEK,UYU,sell,3.72645
2019-06-12,TRY,UYU,buy,6.080014
2019-06-12,TRY,UYU,sell,6.080014
2019-06-12,USD,UYU,buy,35.296
2019-06-12,USD,UYU,sell,35.296
2019-06-12,VES,UYU,buy,0.005806
2019-06-12,VES,UYU,sell,0.005806
2019-06-12,XDR,UYU,buy,48.931198
2019-06-12,XDR,UYU,sell,48.931198
2019-06-12,ZAR,UYU,buy,2.37182
2019-06-12,ZAR,UYU,sell,2.37182
2019-06-13,ARS,UYU,buy,0.810833
2019-06-13,ARS,UYU,sell,0.810833
2019-06-13,AUD,UYU,buy,24.413552
2019-06-13,AUD,UYU,sell,24.413552
2019-06-13,BRL,UYU,buy,9.15125
2019-06-13,BRL,UYU,sell,9.15125
2019-06-13,CAD,UYU,buy,26.482836
2019-06-13,CAD,UYU,sell,26.482836
2019-06-13,CHF,UYU,buy,35.527706
2019-06-13,CHF,UYU,sell,35.527706
2019-06-13,CLP,UYU,buy,0.050704
2019-06-13,CLP,UYU,sell,0.050704
2019-06-13,CNY,UYU,buy,5.099255
2019-06-13,CNY,UYU,sell,5.099255
2019-06-13,COP,UYU,buy,0.010798
2019-06-13,COP,UYU,sell,0.010798
2019-06-13,DKK,UYU,buy,5.331571
2019-06-13,DKK,UYU,sell,5.331571
2019-06-13,EUR,UYU,buy,39.81276
2019-06-13,EUR,UYU,sell,39.81276
2019-06-13,GBP,UYU,buy,44.759354
2019-06-13,GBP,UYU,sell,44.759354
2019-06-13,HKD,UYU,buy,4.508815
2019-06-13,HKD,UYU,sell,4.508815
2019-06-13,HUF,UYU,buy,0.123658
2019-06-13,HUF,UYU,sell,0.123658
2019-06-13,INR,UYU,buy,0.507741
2019-06-13,INR,UYU,sell,0.507741
2019-06-13,ISK,UYU,buy,0.28137
2019-06-13,ISK,UYU,sell,0.28137
2019-06-13,JPY,UYU,buy,0.325855
2019-06-13,JPY,UYU,sell,0.325855
2019-06-13,KRW,UYU,buy,0.029835
2019-06-13,KRW,UYU,sell,0.029835
2019-06-13,MXN,UYU,buy,1.843119
2019-06-13,MXN,UYU,sell,1.843119
2019-06-13,MYR,UYU,buy,8.47419
2019-06-13,MYR,UYU,sell,8.47419
2019-06-13,NOK,UYU,buy,4.069057
2019-06-13,NOK,UYU,sell,4.069057
2019-06-13,NZD,UYU,buy,23.19058
2019-06-13,NZD,UYU,sell,23.19058
2019-06-13,PEN,UYU,buy,10.595917
2019-06-13,PEN,UYU,sell,10.595917
2019-06-13,PYG,UYU,buy,0.005652
2019-06-13,PYG,UYU,sell,0.005652
2019-06-13,RUB,UYU,buy,0.546741
2019-06-13,RUB,UYU,sell,0.546741
2019-06-13,SEK,UYU,buy,3.723337
2019-06-13,SEK,UYU,sell,3.723337
2019-06-13,TRY,UYU,buy,6.014109
2019-06-13,TRY,UYU,sell,6.014109
2019-06-13,USD,UYU,buy,35.295
2019-06-13,USD,UYU,sell,35.295
2019-06-13,VES,UYU,buy,0.005737
2019-06-13,VES,UYU,sell,0.005737
2019-06-13,XDR,UYU,buy,48.859221
2019-06-13,XDR,UYU,sell,48.859221
2019-06-13,ZAR,UYU,buy,2.373962
2019-06-13,ZAR,UYU,sell,2.373962
2019-06-14,ARS,UYU,buy,0.803151
2019-06-14,ARS,UYU,sell,0.803151
2019-06-14,AUD,UYU,buy,24.259638
2019-06-14,AUD,UYU,sell,24.259638
2019-06-14,BRL,UYU,buy,9.072771
2019-06-14,BRL,UYU,sell,9.072771
2019-06-14,CAD,UYU,buy,26.337445
2019-06-14,CAD,UYU,sell,26.337445
2019-06-14,CHF,UYU,buy,35.366598
2019-06-14,CHF,UYU,sell,35.366598
2019-06-14,CLP,UYU,buy,0.05048
2019-06-14,CLP,UYU,sell,0.05048
2019-06-14,CNY,UYU,buy,5.10187
2019-06-14,CNY,UYU,sell,5.10187
2019-06-14,COP,UYU,buy,0.010792
2019-06-14,COP,UYU,sell,0.010792
2019-06-14,DKK,UYU,buy,5.303384
2019-06-14,DKK,UYU,sell,5.303384
2019-06-14,EUR,UYU,buy,39.601226
2019-06-14,EUR,UYU,sell,39.601226
2019-06-14,GBP,UYU,buy,44.468347
2019-06-14,GBP,UYU,sell,44.468347
2019-06-14,HKD,UYU,buy,4.514246
2019-06-14,HKD,UYU,sell,4.514246
2019-06-14,HUF,UYU,buy,0.122833
2019-06-14,HUF,UYU,sell,0.122833
2019-06-14,INR,UYU,buy,0.506203
2019-06-14,INR,UYU,sell,0.506203
2019-06-14,ISK,UYU,buy,0.279932
2019-06-14,ISK,UYU,sell,0.279932
2019-06-14,JPY,UYU,buy,0.325425
2019-06-14,JPY,UYU,sell,0.325425
2019-06-14,KRW,UYU,buy,0.029812
2019-06-14,KRW,UYU,sell,0.029812
2019-06-14,MXN,UYU,buy,1.845735
2019-06-14,MXN,UYU,sell,1.845735
2019-06-14,MYR,UYU,buy,8.481786
2019-06-14,MYR,UYU,sell,8.481786
2019-06-14,NOK,UYU,buy,4.053135
2019-06-14,NOK,UYU,sell,4.053135
2019-06-14,NZD,UYU,buy,22.932884
2019-06-14,NZD,UYU,sell,22.932884
2019-06-14,PEN,UYU,buy,10.55646
2019-06-14,PEN,UYU,sell,10.55646
2019-06-14,PYG,UYU,buy,0.005704
2019-06-14,PYG,UYU,sell,0.005704
2019-06-14,RUB,UYU,buy,0.548936
2019-06-14,RUB,UYU,sell,0.548936
2019-06-14,SEK,UYU,buy,3.721908
2019-06-14,SEK,UYU,sell,3.721908
2019-06-14,TRY,UYU,buy,6.004418
2019-06-14,TRY,UYU,sell,6.004418
2019-06-14,USD,UYU,buy,35.333
2019-06-14,USD,UYU,sell,35.333
2019-06-14,VES,UYU,buy,0.005727
2019-06-14,VES,UYU,sell,0.005727
2019-06-14,XDR,UYU,buy,48.877199
2019-06-14,XDR,UYU,sell,48.877199
2019-06-14,ZAR,UYU,buy,2.384618
2019-06-14,ZAR,UYU,sell,2.384618
2019-06-17,ARS,UYU,buy,0.802469
2019-06-17,ARS,UYU,sell,0.802469
2019-06-17,AUD,UYU,buy,24.18785
2019-06-17,AUD,UYU,sell,24.18785
2019-06-17,BRL,UYU,buy,9.043819
2019-06-17,BRL,UYU,sell,9.043819
2019-06-17,CAD,UYU,buy,26.313122
2019-06-17,CAD,UYU,sell,26.313122
2019-06-17,CHF,UYU,buy,35.347184
2019-06-17,CHF,UYU,sell,35.347184
2019-06-17,CLP,UYU,buy,0.050403
2019-06-17,CLP,UYU,sell,0.050403
2019-06-17,CNY,UYU,buy,5.097317
2019-06-17,CNY,UYU,sell,5.097317
2019-06-17,COP,UYU,buy,0.010743
2019-06-17,COP,UYU,sell,0.010743
2019-06-17,DKK,UYU,buy,5.302701
2019-06-17,DKK,UYU,sell,5.302701
2019-06-17,EUR,UYU,buy,39.59761
2019-06-17,EUR,UYU,sell,39.59761
2019-06-17,GBP,UYU,buy,44.268197
2019-06-17,GBP,UYU,sell,44.268197
2019-06-17,HKD,UYU,buy,4.50644
2019-06-17,HKD,UYU,sell,4.50644
2019-06-17,HUF,UYU,buy,0.122844
2019-06-17,HUF,UYU,sell,0.122844
2019-06-17,INR,UYU,buy,0.505023
2019-06-17,INR,UYU,sell,0.505023
2019-06-17,ISK,UYU,buy,0.279849
2019-06-17,ISK,UYU,sell,0.279849
2019-06-17,JPY,UYU,buy,0.325163
2019-06-17,JPY,UYU,sell,0.325163
2019-06-17,KRW,UYU,buy,0.029754
2019-06-17,KRW,UYU,sell,0.029754
2019-06-17,MXN,UYU,buy,1.840471
2019-06-17,MXN,UYU,sell,1.840471
2019-06-17,MYR,UYU,buy,8.450748
2019-06-17,MYR,UYU,sell,8.450748
2019-06-17,NOK,UYU,buy,4.042598
2019-06-17,NOK,UYU,sell,4.042598
2019-06-17,NZD,UYU,buy,22.931064
2019-06-17,NZD,UYU,sell,22.931064
2019-06-17,PEN,UYU,buy,10.543717
2019-06-17,PEN,UYU,sell,10.543717
2019-06-17,PYG,UYU,buy,0.005699
2019-06-17,PYG,UYU,sell,0.005699
2019-06-17,RUB,UYU,buy,0.5489
2019-06-17,RUB,UYU,sell,0.5489
2019-06-17,SEK,UYU,buy,3.72157
2019-06-17,SEK,UYU,sell,3.72157
2019-06-17,TRY,UYU,buy,6.00984
2019-06-17,TRY,UYU,sell,6.00984
2019-06-17,USD,UYU,buy,35.303
2019-06-17,USD,UYU,sell,35.303
2019-06-17,VES,UYU,buy,0.005661
2019-06-17,VES,UYU,sell,0.005661
2019-06-17,XDR,UYU,buy,48.748148
2019-06-17,XDR,UYU,sell,48.748148
2019-06-17,ZAR,UYU,buy,2.382617
2019-06-17,ZAR,UYU,sell,2.382617
2019-06-18,ARS,UYU,buy,0.812418
2019-06-18,ARS,UYU,sell,0.812418
2019-06-18,AUD,UYU,buy,24.288
2019-06-18,AUD,UYU,sell,24.288
2019-06-18,BRL,UYU,buy,9.149724
2019-06-18,BRL,UYU,sell,9.149724
2019-06-18,CAD,UYU,buy,26.398655
2019-06-18,CAD,UYU,sell,26.398655
2019-06-18,CHF,UYU,buy,35.322702
2019-06-18,CHF,UYU,sell,35.322702
2019-06-18,CLP,UYU,buy,0.050733
2019-06-18,CLP,UYU,sell,0.050733
2019-06-18,CNY,UYU,buy,5.117627
2019-06-18,CNY,UYU,sell,5.117627
2019-06-18,COP,UYU,buy,0.010852
2019-06-18,COP,UYU,sell,0.010852
2019-06-18,DKK,UYU,buy,5.295837
2019-06-18,DKK,UYU,sell,5.295837
2019-06-18,EUR,UYU,buy,39.546163
2019-06-18,EUR,UYU,sell,39.546163
2019-06-18,GBP,UYU,buy,44.373734
2019-06-18,GBP,UYU,sell,44.373734
2019-06-18,HKD,UYU,buy,4.511157
2019-06-18,HKD,UYU,sell,4.511157
2019-06-18,HUF,UYU,buy,0.122297
2019-06-18,HUF,UYU,sell,0.122297
2019-06-18,INR,UYU,buy,0.506913
2019-06-18,INR,UYU,sell,0.506913
2019-06-18,ISK,UYU,buy,0.279472
2019-06-18,ISK,UYU,sell,0.279472
2019-06-18,JPY,UYU,buy,0.325769
2019-06-18,JPY,UYU,sell,0.325769
2019-06-18,KRW,UYU,buy,0.029793
2019-06-18,KRW,UYU,sell,0.029793
2019-06-18,MXN,UYU,buy,1.843053
2019-06-18,MXN,UYU,sell,1.843053
2019-06-18,MYR,UYU,buy,8.447128
2019-06-18,MYR,UYU,sell,8.447128
2019-06-18,NOK,UYU,buy,4.040765
2019-06-18,NOK,UYU,sell,4.040765
2019-06-18,NZD,UYU,buy,23.046221
2019-06-18,NZD,UYU,sell,23.046221
2019-06-18,PEN,UYU,buy,10.598188
2019-06-18,PEN,UYU,sell,10.598188
2019-06-18,PYG,UYU,buy,0.005707
2019-06-18,PYG,UYU,sell,0.005707
2019-06-18,RUB,UYU,buy,0.551479
2019-06-18,RUB,UYU,sell,0.551479
2019-06-18,SEK,UYU,buy,3.705825
2019-06-18,SEK,UYU,sell,3.705825
2019-06-18,TRY,UYU,buy,6.050714
2019-06-18,TRY,UYU,sell,6.050714
2019-06-18,USD,UYU,buy,35.328
2019-06-18,USD,UYU,sell,35.328
2019-06-18,VES,UYU,buy,0.005665
2019-06-18,VES,UYU,sell,0.005665
2019-06-18,XDR,UYU,buy,48.7537
2019-06-18,XDR,UYU,sell,48.7537
2019-06-18,ZAR,UYU,buy,2.433561
2019-06-18,ZAR,UYU,sell,2.433561
2019-06-20,ARS,UYU,buy,0.812666
2019-06-20,ARS,UYU,sell,0.812666
2019-06-20,AUD,UYU,buy,24.386268
2019-06-20,AUD,UYU,sell,24.386268
2019-06-20,BRL,UYU,buy,9.173655
2019-06-20,BRL,UYU,sell,9.173655
2019-06-20,CAD,UYU,buy,26.694707
2019-06-20,CAD,UYU,sell,26.694707
2019-06-20,CHF,UYU,buy,35.931045
2019-06-20,CHF,UYU,sell,35.931045
2019-06-20,CLP,UYU,buy,0.051533
2019-06-20,CLP,UYU,sell,0.051533
2019-06-20,CNY,UYU,buy,5.141885
2019-06-20,CNY,UYU,sell,5.141885
2019-06-20,COP,UYU,buy,0.011028
2019-06-20,COP,UYU,sell,0.011028
2019-06-20,DKK,UYU,buy,5.32941
2019-06-20,DKK,UYU,sell,5.32941
2019-06-20,EUR,UYU,buy,39.788399
2019-06-20,EUR,UYU,sell,39.788399
2019-06-20,GBP,UYU,buy,44.748079
2019-06-20,GBP,UYU,sell,44.748079
2019-06-20,HKD,UYU,buy,4.509146
2019-06-20,HKD,UYU,sell,4.509146
2019-06-20,HUF,UYU,buy,0.12313
2019-06-20,HUF,UYU,sell,0.12313
2019-06-20,INR,UYU,buy,0.5073
2019-06-20,INR,UYU,sell,0.5073
2019-06-20,ISK,UYU,buy,0.281204
2019-06-20,ISK,UYU,sell,0.281204
2019-06-20,JPY,UYU,buy,0.328438
2019-06-20,JPY,UYU,sell,0.328438
2019-06-20,KRW,UYU,buy,0.030315
2019-06-20,KRW,UYU,sell,0.030315
2019-06-20,MXN,UYU,buy,1.853879
2019-06-20,MXN,UYU,sell,1.853879
2019-06-20,MYR,UYU,buy,8.494092
2019-06-20,MYR,UYU,sell,8.494092
2019-06-20,NOK,UYU,buy,4.120341
2019-06-20,NOK,UYU,sell,4.120341
2019-06-20,NZD,UYU,buy,23.215036
2019-06-20,NZD,UYU,sell,23.215036
2019-06-20,PEN,UYU,buy,10.64119
2019-06-20,PEN,UYU,sell,10.64119
2019-06-20,PYG,UYU,buy,0.005678
2019-06-20,PYG,UYU,sell,0.005678
2019-06-20,RUB,UYU,buy,0.560083
2019-06-20,RUB,UYU,sell,0.560083
2019-06-20,SEK,UYU,buy,3.746942
2019-06-20,SEK,UYU,sell,3.746942
2019-06-20,TRY,UYU,buy,6.115823
2019-06-20,TRY,UYU,sell,6.115823
2019-06-20,USD,UYU,buy,35.225
2019-06-20,USD,UYU,sell,35.225
2019-06-20,VES,UYU,buy,0.005622
2019-06-20,VES,UYU,sell,0.005622
2019-06-20,XDR,UYU,buy,48.874688
2019-06-20,XDR,UYU,sell,48.874688
2019-06-20,ZAR,UYU,buy,2.461746
2019-06-20,ZAR,UYU,sell,2.461746
2019-06-21,ARS,UYU,buy,0.822242
2019-06-21,ARS,UYU,sell,0.822242
2019-06-21,AUD,UYU,buy,24.378884
2019-06-21,AUD,UYU,sell,24.378884
2019-06-21,BRL,UYU,buy,9.190114
2019-06-21,BRL,UYU,sell,9.190114
2019-06-21,CAD,UYU,buy,26.64093
2019-06-21,CAD,UYU,sell,26.64093
2019-06-21,CHF,UYU,buy,36.022518
2019-06-21,CHF,UYU,sell,36.022518
2019-06-21,CLP,UYU,buy,0.051441
2019-06-21,CLP,UYU,sell,0.051441
2019-06-21,CNY,UYU,buy,5.123972
2019-06-21,CNY,UYU,sell,5.123972
2019-06-21,COP,UYU,buy,0.010989
2019-06-21,COP,UYU,sell,0.010989
2019-06-21,DKK,UYU,buy,5.357752
2019-06-21,DKK,UYU,sell,5.357752
2019-06-21,EUR,UYU,buy,40.00502
2019-06-21,EUR,UYU,sell,40.00502
2019-06-21,GBP,UYU,buy,44.828358
2019-06-21,GBP,UYU,sell,44.828358
2019-06-21,HKD,UYU,buy,4.505697
2019-06-21,HKD,UYU,sell,4.505697
2019-06-21,HUF,UYU,buy,0.123388
2019-06-21,HUF,UYU,sell,0.123388
2019-06-21,INR,UYU,buy,0.505834
2019-06-21,INR,UYU,sell,0.505834
2019-06-21,ISK,UYU,buy,0.282717
2019-06-21,ISK,UYU,sell,0.282717
2019-06-21,JPY,UYU,buy,0.327737
2019-06-21,JPY,UYU,sell,0.327737
2019-06-21,KRW,UYU,buy,0.030242
2019-06-21,KRW,UYU,sell,0.030242
2019-06-21,MXN,UYU,buy,1.839113
2019-06-21,MXN,UYU,sell,1.839113
2019-06-21,MYR,UYU,buy,8.482526
2019-06-21,MYR,UYU,sell,8.482526
2019-06-21,NOK,UYU,buy,4.139107
2019-06-21,NOK,UYU,sell,4.139107
2019-06-21,NZD,UYU,buy,23.166451
2019-06-21,NZD,UYU,sell,23.166451
2019-06-21,PEN,UYU,buy,10.662425
2019-06-21,PEN,UYU,sell,10.662425
2019-06-21,PYG,UYU,buy,0.005677
2019-06-21,PYG,UYU,sell,0.005677
2019-06-21,RUB,UYU,buy,0.557869
2019-06-21,RUB,UYU,sell,0.557869
2019-06-21,SEK,UYU,buy,3.763098
2019-06-21,SEK,UYU,sell,3.763098
2019-06-21,TRY,UYU,buy,6.050874
2019-06-21,TRY,UYU,sell,6.050874
2019-06-21,USD,UYU,buy,35.194
2019-06-21,USD,UYU,sell,35.194
2019-06-21,VES,UYU,buy,0.0056
2019-06-21,VES,UYU,sell,0.0056
2019-06-21,XDR,UYU,buy,48.824988
2019-06-21,XDR,UYU,sell,48.824988
2019-06-21,ZAR,UYU,buy,2.453604
2019-06-21,ZAR,UYU,sell,2.453604
2019-06-24,ARS,UYU,buy,0.828435
2019-06-24,ARS,UYU,sell,0.828435
2019-06-24,AUD,UYU,buy,24.478792
2019-06-24,AUD,UYU,sell,24.478792
2019-06-24,BRL,UYU,buy,9.179767
2019-06-24,BRL,UYU,sell,9.179767
2019-06-24,CAD,UYU,buy,26.652261
2019-06-24,CAD,UYU,sell,26.652261
2019-06-24,CHF,UYU,buy,36.141469
2019-06-24,CHF,UYU,sell,36.141469
2019-06-24,CLP,UYU,buy,0.051634
2019-06-24,CLP,UYU,sell,0.051634
2019-06-24,CNY,UYU,buy,5.111677
2019-06-24,CNY,UYU,sell,5.111677
2019-06-24,COP,UYU,buy,0.010973
2019-06-24,COP,UYU,sell,0.010973
2019-06-24,DKK,UYU,buy,5.365478
2019-06-24,DKK,UYU,sell,5.365478
2019-06-24,EUR,UYU,buy,40.062116
2019-06-24,EUR,UYU,sell,40.062116
2019-06-24,GBP,UYU,buy,44.776134
2019-06-24,GBP,UYU,sell,44.776134
2019-06-24,HKD,UYU,buy,4.501428
2019-06-24,HKD,UYU,sell,4.501428
2019-06-24,HUF,UYU,buy,0.123769
2019-06-24,HUF,UYU,sell,0.123769
2019-06-24,INR,UYU,buy,0.506865
2019-06-24,INR,UYU,sell,0.506865
2019-06-24,ISK,UYU,buy,0.283104
2019-06-24,ISK,UYU,sell,0.283104
2019-06-24,JPY,UYU,buy,0.327385
2019-06-24,JPY,UYU,sell,0.327385
2019-06-24,KRW,UYU,buy,0.0304
2019-06-24,KRW,UYU,sell,0.0304
2019-06-24,MXN,UYU,buy,1.831854
2019-06-24,MXN,UYU,sell,1.831854
2019-06-24,MYR,UYU,buy,8.49055
2019-06-24,MYR,UYU,sell,8.49055
2019-06-24,NOK,UYU,buy,4.145401
2019-06-24,NOK,UYU,sell,4.145401
2019-06-24,NZD,UYU,buy,23.262498
2019-06-24,NZD,UYU,sell,23.262498
2019-06-24,PEN,UYU,buy,10.647907
2019-06-24,PEN,UYU,sell,10.647907
2019-06-24,PYG,UYU,buy,0.005668
2019-06-24,PYG,UYU,sell,0.005668
2019-06-24,RUB,UYU,buy,0.561282
2019-06-24,RUB,UYU,sell,0.561282
2019-06-24,SEK,UYU,buy,3.787467
2019-06-24,SEK,UYU,sell,3.787467
2019-06-24,TRY,UYU,buy,6.049077
2019-06-24,TRY,UYU,sell,6.049077
2019-06-24,USD,UYU,buy,35.153
2019-06-24,USD,UYU,sell,35.153
2019-06-24,VES,UYU,buy,0.005594
2019-06-24,VES,UYU,sell,0.005594
2019-06-24,XDR,UYU,buy,48.912236
2019-06-24,XDR,UYU,sell,48.912236
2019-06-24,ZAR,UYU,buy,2.448202
2019-06-24,ZAR,UYU,sell,2.448202
2019-06-26,ARS,UYU,buy,0.825026
2019-06-26,ARS,UYU,sell,0.825026
2019-06-26,AUD,UYU,buy,24.600806
2019-06-26,AUD,UYU,sell,24.600806
2019-06-26,BRL,UYU,buy,9.140855
2019-06-26,BRL,UYU,sell,9.140855
2019-06-26,CAD,UYU,buy,26.851153
2019-06-26,CAD,UYU,sell,26.851153
2019-06-26,CHF,UYU,buy,36.008792
2019-06-26,CHF,UYU,sell,36.008792
2019-06-26,CLP,UYU,buy,0.051808
2019-06-26,CLP,UYU,sell,0.051808
2019-06-26,CNY,UYU,buy,5.119477
2019-06-26,CNY,UYU,sell,5.119477
2019-06-26,COP,UYU,buy,0.011056
2019-06-26,COP,UYU,sell,0.011056
2019-06-26,DKK,UYU,buy,5.364097
2019-06-26,DKK,UYU,sell,5.364097
2019-06-26,EUR,UYU,buy,40.042131
2019-06-26,EUR,UYU,sell,40.042131
2019-06-26,GBP,UYU,buy,44.694957
2019-06-26,GBP,UYU,sell,44.694957
2019-06-26,HKD,UYU,buy,4.511766
2019-06-26,HKD,UYU,sell,4.511766
2019-06-26,HUF,UYU,buy,0.123794
2019-06-26,HUF,UYU,sell,0.123794
2019-06-26,INR,UYU,buy,0.50932
2019-06-26,INR,UYU,sell,0.50932
2019-06-26,ISK,UYU,buy,0.282669
2019-06-26,ISK,UYU,sell,0.282669
2019-06-26,JPY,UYU,buy,0.326614
2019-06-26,JPY,UYU,sell,0.326614
2019-06-26,KRW,UYU,buy,0.03045
2019-06-26,KRW,UYU,sell,0.03045
2019-06-26,MXN,UYU,buy,1.841572
2019-06-26,MXN,UYU,sell,1.841572
2019-06-26,MYR,UYU,buy,8.491321
2019-06-26,MYR,UYU,sell,8.491321
2019-06-26,NOK,UYU,buy,4.145423
2019-06-26,NOK,UYU,sell,4.145423
2019-06-26,NZD,UYU,buy,23.523013
2019-06-26,NZD,UYU,sell,23.523013
2019-06-26,PEN,UYU,buy,10.692775
2019-06-26,PEN,UYU,sell,10.692775
2019-06-26,PYG,UYU,buy,0.005665
2019-06-26,PYG,UYU,sell,0.005665
2019-06-26,RUB,UYU,buy,0.558878
2019-06-26,RUB,UYU,sell,0.558878
2019-06-26,SEK,UYU,buy,3.802235
2019-06-26,SEK,UYU,sell,3.802235
2019-06-26,TRY,UYU,buy,6.099945
2019-06-26,TRY,UYU,sell,6.099945
2019-06-26,USD,UYU,buy,35.222
2019-06-26,USD,UYU,sell,35.222
2019-06-26,VES,UYU,buy,0.005546
2019-06-26,VES,UYU,sell,0.005546
2019-06-26,XDR,UYU,buy,48.945548
2019-06-26,XDR,UYU,sell,48.945548
2019-06-26,ZAR,UYU,buy,2.475359
2019-06-26,ZAR,UYU,sell,2.475359
2019-06-27,ARS,UYU,buy,0.825644
2019-06-27,ARS,UYU,sell,0.825644
2019-06-27,AUD,UYU,buy,24.685551
2019-06-27,AUD,UYU,sell,24.685551
2019-06-27,BRL,UYU,buy,9.196917
2019-06-27,BRL,UYU,sell,9.196917
2019-06-27,CAD,UYU,buy,26.919406
2019-06-27,CAD,UYU,sell,26.919406
2019-06-27,CHF,UYU,buy,36.105279
2019-06-27,CHF,UYU,sell,36.105279
2019-06-27,CLP,UYU,buy,0.051839
2019-06-27,CLP,UYU,sell,0.051839
2019-06-27,CNY,UYU,buy,5.126434
2019-06-27,CNY,UYU,sell,5.126434
2019-06-27,COP,UYU,buy,0.011026
2019-06-27,COP,UYU,sell,0.011026
2019-06-27,DKK,UYU,buy,5.369899
2019-06-27,DKK,UYU,sell,5.369899
2019-06-27,EUR,UYU,buy,40.083172
2019-06-27,EUR,UYU,sell,40.083172
2019-06-27,GBP,UYU,buy,44.661034
2019-06-27,GBP,UYU,sell,44.661034
2019-06-27,HKD,UYU,buy,4.511225
2019-06-27,HKD,UYU,sell,4.511225
2019-06-27,HUF,UYU,buy,0.123878
2019-06-27,HUF,UYU,sell,0.123878
2019-06-27,INR,UYU,buy,0.510396
2019-06-27,INR,UYU,sell,0.510396
2019-06-27,ISK,UYU,buy,0.282855
2019-06-27,ISK,UYU,sell,0.282855
2019-06-27,JPY,UYU,buy,0.327162
2019-06-27,JPY,UYU,sell,0.327162
2019-06-27,KRW,UYU,buy,0.030443
2019-06-27,KRW,UYU,sell,0.030443
2019-06-27,MXN,UYU,buy,1.842151
2019-06-27,MXN,UYU,sell,1.842151
2019-06-27,MYR,UYU,buy,8.508507
2019-06-27,MYR,UYU,sell,8.508507
2019-06-27,NOK,UYU,buy,4.138907
2019-06-27,NOK,UYU,sell,4.138907
2019-06-27,NZD,UYU,buy,23.615562
2019-06-27,NZD,UYU,sell,23.615562
2019-06-27,PEN,UYU,buy,10.7132
2019-06-27,PEN,UYU,sell,10.7132
2019-06-27,PYG,UYU,buy,0.005689
2019-06-27,PYG,UYU,sell,0.005689
2019-06-27,RUB,UYU,buy,0.558856
2019-06-27,RUB,UYU,sell,0.558856
2019-06-27,SEK,UYU,buy,3.798027
2019-06-27,SEK,UYU,sell,3.798027
2019-06-27,TRY,UYU,buy,6.105238
2019-06-27,TRY,UYU,sell,6.105238
2019-06-27,USD,UYU,buy,35.255
2019-06-27,USD,UYU,sell,35.255
2019-06-27,VES,UYU,buy,0.005448
2019-06-27,VES,UYU,sell,0.005448
2019-06-27,XDR,UYU,buy,49.008681
2019-06-27,XDR,UYU,sell,49.008681
2019-06-27,ZAR,UYU,buy,2.488565
2019-06-27,ZAR,UYU,sell,2.488565
2019-06-28,ARS,UYU,buy,0.828241
2019-06-28,ARS,UYU,sell,0.828241
2019-06-28,AUD,UYU,buy,24.690728
2019-06-28,AUD,UYU,sell,24.690728
2019-06-28,BRL,UYU,buy,9.177155
2019-06-28,BRL,UYU,sell,9.177155
2019-06-28,CAD,UYU,buy,26.882139
2019-06-28,CAD,UYU,sell,26.882139
2019-06-28,CHF,UYU,buy,36.063759
2019-06-28,CHF,UYU,sell,36.063759
2019-06-28,CLP,UYU,buy,0.051835
2019-06-28,CLP,UYU,sell,0.051835
2019-06-28,CNY,UYU,buy,5.123493
2019-06-28,CNY,UYU,sell,5.123493
2019-06-28,COP,UYU,buy,0.010955
2019-06-28,COP,UYU,sell,0.010955
2019-06-28,DKK,UYU,buy,5.360699
2019-06-28,DKK,UYU,sell,5.360699
2019-06-28,EUR,UYU,buy,40.014248
2019-06-28,EUR,UYU,sell,40.014248
2019-06-28,GBP,UYU,buy,44.670585
2019-06-28,GBP,UYU,sell,44.670585
2019-06-28,HKD,UYU,buy,4.504968
2019-06-28,HKD,UYU,sell,4.504968
2019-06-28,HUF,UYU,buy,0.123841
2019-06-28,HUF,UYU,sell,0.123841
2019-06-28,INR,UYU,buy,0.509681
2019-06-28,INR,UYU,sell,0.509681
2019-06-28,ISK,UYU,buy,0.282371
2019-06-28,ISK,UYU,sell,0.282371
2019-06-28,JPY,UYU,buy,0.326409
2019-06-28,JPY,UYU,sell,0.326409
2019-06-28,KRW,UYU,buy,0.030466
2019-06-28,KRW,UYU,sell,0.030466
2019-06-28,MXN,UYU,buy,1.833814
2019-06-28,MXN,UYU,sell,1.833814
2019-06-28,MYR,UYU,buy,8.514521
2019-06-28,MYR,UYU,sell,8.514521
2019-06-28,NOK,UYU,buy,4.124284
2019-06-28,NOK,UYU,sell,4.124284
2019-06-28,NZD,UYU,buy,23.633509
2019-06-28,NZD,UYU,sell,23.633509
2019-06-28,PEN,UYU,buy,10.680631
2019-06-28,PEN,UYU,sell,10.680631
2019-06-28,PYG,UYU,buy,0.005677
2019-06-28,PYG,UYU,sell,0.005677
2019-06-28,RUB,UYU,buy,0.556712
2019-06-28,RUB,UYU,sell,0.556712
2019-06-28,SEK,UYU,buy,3.790653
2019-06-28,SEK,UYU,sell,3.790653
2019-06-28,TRY,UYU,buy,6.078596
2019-06-28,TRY,UYU,sell,6.078596
2019-06-28,USD,UYU,buy,35.182
2019-06-28,USD,UYU,sell,35.182
2019-06-28,VES,UYU,buy,0.005365
2019-06-28,VES,UYU,sell,0.005365
2019-06-28,XDR,UYU,buy,48.910368
2019-06-28,XDR,UYU,sell,48.910368
2019-06-28,ZAR,UYU,buy,2.497294
2019-06-28,ZAR,UYU,sell,2.497294
2019-07-01,ARS,UYU,buy,0.828293
2019-07-01,ARS,UYU,sell,0.828293
2019-07-01,AUD,UYU,buy,24.419131
2019-07-01,AUD,UYU,sell,24.419131
2019-07-01,BRL,UYU,buy,9.127325
2019-07-01,BRL,UYU,sell,9.127325
2019-07-01,CAD,UYU,buy,26.7098
2019-07-01,CAD,UYU,sell,26.7098
2019-07-01,CHF,UYU,buy,35.539576
2019-07-01,CHF,UYU,sell,35.539576
2019-07-01,CLP,UYU,buy,0.05163
2019-07-01,CLP,UYU,sell,0.05163
2019-07-01,CNY,UYU,buy,5.121357
2019-07-01,CNY,UYU,sell,5.121357
2019-07-01,COP,UYU,buy,0.010941
2019-07-01,COP,UYU,sell,0.010941
2019-07-01,DKK,UYU,buy,5.306175
2019-07-01,DKK,UYU,sell,5.306175
2019-07-01,EUR,UYU,buy,39.606083
2019-07-01,EUR,UYU,sell,39.606083
2019-07-01,GBP,UYU,buy,44.348497
2019-07-01,GBP,UYU,sell,44.348497
2019-07-01,HKD,UYU,buy,4.490916
2019-07-01,HKD,UYU,sell,4.490916
2019-07-01,HUF,UYU,buy,0.122523
2019-07-01,HUF,UYU,sell,0.122523
2019-07-01,INR,UYU,buy,0.50892
2019-07-01,INR,UYU,sell,0.50892
2019-07-01,ISK,UYU,buy,0.279513
2019-07-01,ISK,UYU,sell,0.279513
2019-07-01,JPY,UYU,buy,0.323574
2019-07-01,JPY,UYU,sell,0.323574
2019-07-01,KRW,UYU,buy,0.030283
2019-07-01,KRW,UYU,sell,0.030283
2019-07-01,MXN,UYU,buy,1.835073
2019-07-01,MXN,UYU,sell,1.835073
2019-07-01,MYR,UYU,buy,8.487121
2019-07-01,MYR,UYU,sell,8.487121
2019-07-01,NOK,UYU,buy,4.086219
2019-07-01,NOK,UYU,sell,4.086219
2019-07-01,NZD,UYU,buy,23.406785
2019-07-01,NZD,UYU,sell,23.406785
2019-07-01,PEN,UYU,buy,10.657717
2019-07-01,PEN,UYU,sell,10.657717
2019-07-01,PYG,UYU,buy,0.005665
2019-07-01,PYG,UYU,sell,0.005665
2019-07-01,RUB,UYU,buy,0.556801
2019-07-01,RUB,UYU,sell,0.556801
2019-07-01,SEK,UYU,buy,3.749753
2019-07-01,SEK,UYU,sell,3.749753
2019-07-01,TRY,UYU,buy,6.199044
2019-07-01,TRY,UYU,sell,6.199044
2019-07-01,USD,UYU,buy,35.09
2019-07-01,USD,UYU,sell,35.09
2019-07-01,VES,UYU,buy,0.005218
2019-07-01,VES,UYU,sell,0.005218
2019-07-01,XDR,UYU,buy,48.708078
2019-07-01,XDR,UYU,sell,48.708078
2019-07-01,ZAR,UYU,buy,2.481226
2019-07-01,ZAR,UYU,sell,2.481226
2019-07-02,ARS,UYU,buy,0.834254
2019-07-02,ARS,UYU,sell,0.834254
2019-07-02,AUD,UYU,buy,24.58588
2019-07-02,AUD,UYU,sell,24.58588
2019-07-02,BRL,UYU,buy,9.144142
2019-07-02,BRL,UYU,sell,9.144142
2019-07-02,CAD,UYU,buy,26.839837
2019-07-02,CAD,UYU,sell,26.839837
2019-07-02,CHF,UYU,buy,35.684365
2019-07-02,CHF,UYU,sell,35.684365
2019-07-02,CLP,UYU,buy,0.051706
2019-07-02,CLP,UYU,sell,0.051706
2019-07-02,CNY,UYU,buy,5.120059
2019-07-02,CNY,UYU,sell,5.120059
2019-07-02,COP,UYU,buy,0.010958
2019-07-02,COP,UYU,sell,0.010958
2019-07-02,DKK,UYU,buy,5.32374
2019-07-02,DKK,UYU,sell,5.32374
2019-07-02,EUR,UYU,buy,39.737439
2019-07-02,EUR,UYU,sell,39.737439
2019-07-02,GBP,UYU,buy,44.356967
2019-07-02,GBP,UYU,sell,44.356967
2019-07-02,HKD,UYU,buy,4.510699
2019-07-02,HKD,UYU,sell,4.510699
2019-07-02,HUF,UYU,buy,0.122994
2019-07-02,HUF,UYU,sell,0.122994
2019-07-02,INR,UYU,buy,0.510324
2019-07-02,INR,UYU,sell,0.510324
2019-07-02,ISK,UYU,buy,0.280454
2019-07-02,ISK,UYU,sell,0.280454
2019-07-02,JPY,UYU,buy,0.326252
2019-07-02,JPY,UYU,sell,0.326252
2019-07-02,KRW,UYU,buy,0.030171
2019-07-02,KRW,UYU,sell,0.030171
2019-07-02,MXN,UYU,buy,1.84584
2019-07-02,MXN,UYU,sell,1.84584
2019-07-02,MYR,UYU,buy,8.496257
2019-07-02,MYR,UYU,sell,8.496257
2019-07-02,NOK,UYU,buy,4.110332
2019-07-02,NOK,UYU,sell,4.110332
2019-07-02,NZD,UYU,buy,23.472338
2019-07-02,NZD,UYU,sell,23.472338
2019-07-02,PEN,UYU,buy,10.680449
2019-07-02,PEN,UYU,sell,10.680449
2019-07-02,PYG,UYU,buy,0.005671
2019-07-02,PYG,UYU,sell,0.005671
2019-07-02,RUB,UYU,buy,0.555573
2019-07-02,RUB,UYU,sell,0.555573
2019-07-02,SEK,UYU,buy,3.773117
2019-07-02,SEK,UYU,sell,3.773117
2019-07-02,TRY,UYU,buy,6.217176
2019-07-02,TRY,UYU,sell,6.217176
2019-07-02,USD,UYU,buy,35.187
2019-07-02,USD,UYU,sell,35.187
2019-07-02,VES,UYU,buy,0.005228
2019-07-02,VES,UYU,sell,0.005228
2019-07-02,XDR,UYU,buy,48.755546
2019-07-02,XDR,UYU,sell,48.755546
2019-07-02,ZAR,UYU,buy,2.498296
2019-07-02,ZAR,UYU,sell,2.498296
2019-07-03,ARS,UYU,buy,0.836923
2019-07-03,ARS,UYU,sell,0.836923
2019-07-03,AUD,UYU,buy,24.749481
2019-07-03,AUD,UYU,sell,24.749481
2019-07-03,BRL,UYU,buy,9.177655
2019-07-03,BRL,UYU,sell,9.177655
2019-07-03,CAD,UYU,buy,26.927139
2019-07-03,CAD,UYU,sell,26.927139
2019-07-03,CHF,UYU,buy,35.640987
2019-07-03,CHF,UYU,sell,35.640987
2019-07-03,CLP,UYU,buy,0.051801
2019-07-03,CLP,UYU,sell,0.051801
2019-07-03,CNY,UYU,buy,5.112991
2019-07-03,CNY,UYU,sell,5.112991
2019-07-03,COP,UYU,buy,0.011007
2019-07-03,COP,UYU,sell,0.011007
2019-07-03,DKK,UYU,buy,5.317665
2019-07-03,DKK,UYU,sell,5.317665
2019-07-03,EUR,UYU,buy,39.682906
2019-07-03,EUR,UYU,sell,39.682906
2019-07-03,GBP,UYU,buy,44.254937
2019-07-03,GBP,UYU,sell,44.254937
2019-07-03,HKD,UYU,buy,4.511653
2019-07-03,HKD,UYU,sell,4.511653
2019-07-03,HUF,UYU,buy,0.123149
2019-07-03,HUF,UYU,sell,0.123149
2019-07-03,INR,UYU,buy,0.510657
2019-07-03,INR,UYU,sell,0.510657
2019-07-03,ISK,UYU,buy,0.280064
2019-07-03,ISK,UYU,sell,0.280064
2019-07-03,JPY,UYU,buy,0.326146
2019-07-03,JPY,UYU,sell,0.326146
2019-07-03,KRW,UYU,buy,0.030039
2019-07-03,KRW,UYU,sell,0.030039
2019-07-03,MXN,UYU,buy,1.849853
2019-07-03,MXN,UYU,sell,1.849853
2019-07-03,MYR,UYU,buy,8.504472
2019-07-03,MYR,UYU,sell,8.504472
2019-07-03,NOK,UYU,buy,4.121816
2019-07-03,NOK,UYU,sell,4.121816
2019-07-03,NZD,UYU,buy,23.577887
2019-07-03,NZD,UYU,sell,23.577887
2019-07-03,PEN,UYU,buy,10.688236
2019-07-03,PEN,UYU,sell,10.688236
2019-07-03,PYG,UYU,buy,0.005684
2019-07-03,PYG,UYU,sell,0.005684
2019-07-03,RUB,UYU,buy,0.555516
2019-07-03,RUB,UYU,sell,0.555516
2019-07-03,SEK,UYU,buy,3.778466
2019-07-03,SEK,UYU,sell,3.778466
2019-07-03,TRY,UYU,buy,6.250755
2019-07-03,TRY,UYU,sell,6.250755
2019-07-03,USD,UYU,buy,35.187
2019-07-03,USD,UYU,sell,35.187
2019-07-03,VES,UYU,buy,0.00527
2019-07-03,VES,UYU,sell,0.00527
2019-07-03,XDR,UYU,buy,48.753787
2019-07-03,XDR,UYU,sell,48.753787
2019-07-03,ZAR,UYU,buy,2.503923
2019-07-03,ZAR,UYU,sell,2.503923
2019-07-04,ARS,UYU,buy,0.839675
2019-07-04,ARS,UYU,sell,0.839675
2019-07-04,AUD,UYU,buy,24.649678
2019-07-04,AUD,UYU,sell,24.649678
2019-07-04,BRL,UYU,buy,9.254959
2019-07-04,BRL,UYU,sell,9.254959
2019-07-04,CAD,UYU,buy,26.88438
2019-07-04,CAD,UYU,sell,26.88438
2019-07-04,CHF,UYU,buy,35.642067
2019-07-04,CHF,UYU,sell,35.642067
2019-07-04,CLP,UYU,buy,0.051711
2019-07-04,CLP,UYU,sell,0.051711
2019-07-04,CNY,UYU,buy,5.109581
2019-07-04,CNY,UYU,sell,5.109581
2019-07-04,COP,UYU,buy,0.010967
2019-07-04,COP,UYU,sell,0.010967
2019-07-04,DKK,UYU,buy,5.308909
2019-07-04,DKK,UYU,sell,5.308909
2019-07-04,EUR,UYU,buy,39.622764
2019-07-04,EUR,UYU,sell,39.622764
2019-07-04,GBP,UYU,buy,44.171394
2019-07-04,GBP,UYU,sell,44.171394
2019-07-04,HKD,UYU,buy,4.509273
2019-07-04,HKD,UYU,sell,4.509273
2019-07-04,HUF,UYU,buy,0.122757
2019-07-04,HUF,UYU,sell,0.122757
2019-07-04,INR,UYU,buy,0.512513
2019-07-04,INR,UYU,sell,0.512513
2019-07-04,ISK,UYU,buy,0.279602
2019-07-04,ISK,UYU,sell,0.279602
2019-07-04,JPY,UYU,buy,0.325781
2019-07-04,JPY,UYU,sell,0.325781
2019-07-04,KRW,UYU,buy,0.030044
2019-07-04,KRW,UYU,sell,0.030044
2019-07-04,MXN,UYU,buy,1.84698
2019-07-04,MXN,UYU,sell,1.84698
2019-07-04,MYR,UYU,buy,8.495282
2019-07-04,MYR,UYU,sell,8.495282
2019-07-04,NOK,UYU,buy,4.114803
2019-07-04,NOK,UYU,sell,4.114803
2019-07-04,NZD,UYU,buy,23.473459
2019-07-04,NZD,UYU,sell,23.473459
2019-07-04,PEN,UYU,buy,10.66847
2019-07-04,PEN,UYU,sell,10.66847
2019-07-04,PYG,UYU,buy,0.005693
2019-07-04,PYG,UYU,sell,0.005693
2019-07-04,RUB,UYU,buy,0.553348
2019-07-04,RUB,UYU,sell,0.553348
2019-07-04,SEK,UYU,buy,3.765012
2019-07-04,SEK,UYU,sell,3.765012
2019-07-04,TRY,UYU,buy,6.272902
2019-07-04,TRY,UYU,sell,6.272902
2019-07-04,USD,UYU,buy,35.115
2019-07-04,USD,UYU,sell,35.115
2019-07-04,VES,UYU,buy,0.005079
2019-07-04,VES,UYU,sell,0.005079
2019-07-04,XDR,UYU,buy,48.643482
2019-07-04,XDR,UYU,sell,48.643482
2019-07-04,ZAR,UYU,buy,2.499457
2019-07-04,ZAR,UYU,sell,2.499457
2019-07-05,ARS,UYU,buy,0.842008
2019-07-05,ARS,UYU,sell,0.842008
2019-07-05,AUD,UYU,buy,24.576913
2019-07-05,AUD,UYU,sell,24.576913
2019-07-05,BRL,UYU,buy,9.220356
2019-07-05,BRL,UYU,sell,9.220356
2019-07-05,CAD,UYU,buy,26.911995
2019-07-05,CAD,UYU,sell,26.911995
2019-07-05,CHF,UYU,buy,35.495187
2019-07-05,CHF,UYU,sell,35.495187
2019-07-05,CLP,UYU,buy,0.051519
2019-07-05,CLP,UYU,sell,0.051519
2019-07-05,CNY,UYU,buy,5.108071
2019-07-05,CNY,UYU,sell,5.108071
2019-07-05,COP,UYU,buy,0.010964
2019-07-05,COP,UYU,sell,0.010964
2019-07-05,DKK,UYU,buy,5.295427
2019-07-05,DKK,UYU,sell,5.295427
2019-07-05,EUR,UYU,buy,39.517789
2019-07-05,EUR,UYU,sell,39.517789
2019-07-05,GBP,UYU,buy,44.102522
2019-07-05,GBP,UYU,sell,44.102522
2019-07-05,HKD,UYU,buy,4.517267
2019-07-05,HKD,UYU,sell,4.517267
2019-07-05,HUF,UYU,buy,0.121897
2019-07-05,HUF,UYU,sell,0.121897
2019-07-05,INR,UYU,buy,0.514659
2019-07-05,INR,UYU,sell,0.514659
2019-07-05,ISK,UYU,buy,0.278893
2019-07-05,ISK,UYU,sell,0.278893
2019-07-05,JPY,UYU,buy,0.324349
2019-07-05,JPY,UYU,sell,0.324349
2019-07-05,KRW,UYU,buy,0.030086
2019-07-05,KRW,UYU,sell,0.030086
2019-07-05,MXN,UYU,buy,1.851976
2019-07-05,MXN,UYU,sell,1.851976
2019-07-05,MYR,UYU,buy,8.514811
2019-07-05,MYR,UYU,sell,8.514811
2019-07-05,NOK,UYU,buy,4.085485
2019-07-05,NOK,UYU,sell,4.085485
2019-07-05,NZD,UYU,buy,23.323331
2019-07-05,NZD,UYU,sell,23.323331
2019-07-05,PEN,UYU,buy,10.69605
2019-07-05,PEN,UYU,sell,10.69605
2019-07-05,PYG,UYU,buy,0.005731
2019-07-05,PYG,UYU,sell,0.005731
2019-07-05,RUB,UYU,buy,0.551816
2019-07-05,RUB,UYU,sell,0.551816
2019-07-05,SEK,UYU,buy,3.731179
2019-07-05,SEK,UYU,sell,3.731179
2019-07-05,TRY,UYU,buy,6.254085
2019-07-05,TRY,UYU,sell,6.254085
2019-07-05,USD,UYU,buy,35.217
2019-07-05,USD,UYU,sell,35.217
2019-07-05,VES,UYU,buy,0.005093
2019-07-05,VES,UYU,sell,0.005093
2019-07-05,XDR,UYU,buy,48.730566
2019-07-05,XDR,UYU,sell,48.730566
2019-07-05,ZAR,UYU,buy,2.48453
2019-07-05,ZAR,UYU,sell,2.48453
2019-07-08,ARS,UYU,buy,0.840932
2019-07-08,ARS,UYU,sell,0.840932
2019-07-08,AUD,UYU,buy,24.513854
2019-07-08,AUD,UYU,sell,24.513854
2019-07-08,BRL,UYU,buy,9.240997
2019-07-08,BRL,UYU,sell,9.240997
2019-07-08,CAD,UYU,buy,26.848876
2019-07-08,CAD,UYU,sell,26.848876
2019-07-08,CHF,UYU,buy,35.378502
2019-07-08,CHF,UYU,sell,35.378502
2019-07-08,CLP,UYU,buy,0.051196
2019-07-08,CLP,UYU,sell,0.051196
2019-07-08,CNY,UYU,buy,5.110217
2019-07-08,CNY,UYU,sell,5.110217
2019-07-08,COP,UYU,buy,0.010927
2019-07-08,COP,UYU,sell,0.010927
2019-07-08,DKK,UYU,buy,5.28417
2019-07-08,DKK,UYU,sell,5.28417
2019-07-08,EUR,UYU,buy,39.428603
2019-07-08,EUR,UYU,sell,39.428603
2019-07-08,GBP,UYU,buy,44.00396
2019-07-08,GBP,UYU,sell,44.00396
2019-07-08,HKD,UYU,buy,4.509094
2019-07-08,HKD,UYU,sell,4.509094
2019-07-08,HUF,UYU,buy,0.121422
2019-07-08,HUF,UYU,sell,0.121422
2019-07-08,INR,UYU,buy,0.512224
2019-07-08,INR,UYU,sell,0.512224
2019-07-08,ISK,UYU,buy,0.277865
2019-07-08,ISK,UYU,sell,0.277865
2019-07-08,JPY,UYU,buy,0.323414
2019-07-08,JPY,UYU,sell,0.323414
2019-07-08,KRW,UYU,buy,0.029756
2019-07-08,KRW,UYU,sell,0.029756
2019-07-08,MXN,UYU,buy,1.859363
2019-07-08,MXN,UYU,sell,1.859363
2019-07-08,MYR,UYU,buy,8.495199
2019-07-08,MYR,UYU,sell,8.495199
2019-07-08,NOK,UYU,buy,4.069734
2019-07-08,NOK,UYU,sell,4.069734
2019-07-08,NZD,UYU,buy,23.293525
2019-07-08,NZD,UYU,sell,23.293525
2019-07-08,PEN,UYU,buy,10.703677
2019-07-08,PEN,UYU,sell,10.703677
2019-07-08,PYG,UYU,buy,0.005719
2019-07-08,PYG,UYU,sell,0.005719
2019-07-08,RUB,UYU,buy,0.552547
2019-07-08,RUB,UYU,sell,0.552547
2019-07-08,SEK,UYU,buy,3.716565
2019-07-08,SEK,UYU,sell,3.716565
2019-07-08,TRY,UYU,buy,6.121763
2019-07-08,TRY,UYU,sell,6.121763
2019-07-08,USD,UYU,buy,35.172
2019-07-08,USD,UYU,sell,35.172
2019-07-08,VES,UYU,buy,0.004887
2019-07-08,VES,UYU,sell,0.004887
2019-07-08,XDR,UYU,buy,48.573338
2019-07-08,XDR,UYU,sell,48.573338
2019-07-08,ZAR,UYU,buy,2.478994
2019-07-08,ZAR,UYU,sell,2.478994
2019-07-09,ARS,UYU,buy,0.841507
2019-07-09,ARS,UYU,sell,0.841507
2019-07-09,AUD,UYU,buy,24.381018
2019-07-09,AUD,UYU,sell,24.381018
2019-07-09,BRL,UYU,buy,9.260078
2019-07-09,BRL,UYU,sell,9.260078
2019-07-09,CAD,UYU,buy,26.804783
2019-07-09,CAD,UYU,sell,26.804783
2019-07-09,CHF,UYU,buy,35.413333
2019-07-09,CHF,UYU,sell,35.413333
2019-07-09,CLP,UYU,buy,0.051038
2019-07-09,CLP,UYU,sell,0.051038
2019-07-09,CNY,UYU,buy,5.109175
2019-07-09,CNY,UYU,sell,5.109175
2019-07-09,COP,UYU,buy,0.010934
2019-07-09,COP,UYU,sell,0.010934
2019-07-09,DKK,UYU,buy,5.283767
2019-07-09,DKK,UYU,sell,5.283767
2019-07-09,EUR,UYU,buy,39.437915
2019-07-09,EUR,UYU,sell,39.437915
2019-07-09,GBP,UYU,buy,43.872107
2019-07-09,GBP,UYU,sell,43.872107
2019-07-09,HKD,UYU,buy,4.506855
2019-07-09,HKD,UYU,sell,4.506855
2019-07-09,HUF,UYU,buy,0.121164
2019-07-09,HUF,UYU,sell,0.121164
2019-07-09,INR,UYU,buy,0.513386
2019-07-09,INR,UYU,sell,0.513386
2019-07-09,ISK,UYU,buy,0.277956
2019-07-09,ISK,UYU,sell,0.277956
2019-07-09,JPY,UYU,buy,0.323174
2019-07-09,JPY,UYU,sell,0.323174
2019-07-09,KRW,UYU,buy,0.02981
2019-07-09,KRW,UYU,sell,0.02981
2019-07-09,MXN,UYU,buy,1.840311
2019-07-09,MXN,UYU,sell,1.840311
2019-07-09,MYR,UYU,buy,8.496891
2019-07-09,MYR,UYU,sell,8.496891
2019-07-09,NOK,UYU,buy,4.069027
2019-07-09,NOK,UYU,sell,4.069027
2019-07-09,NZD,UYU,buy,23.246076
2019-07-09,NZD,UYU,sell,23.246076
2019-07-09,PEN,UYU,buy,10.675403
2019-07-09,PEN,UYU,sell,10.675403
2019-07-09,PYG,UYU,buy,0.00576
2019-07-09,PYG,UYU,sell,0.00576
2019-07-09,RUB,UYU,buy,0.551071
2019-07-09,RUB,UYU,sell,0.551071
2019-07-09,SEK,UYU,buy,3.715725
2019-07-09,SEK,UYU,sell,3.715725
2019-07-09,TRY,UYU,buy,6.14423
2019-07-09,TRY,UYU,sell,6.14423
2019-07-09,USD,UYU,buy,35.196
2019-07-09,USD,UYU,sell,35.196
2019-07-09,VES,UYU,buy,0.00505
2019-07-09,VES,UYU,sell,0.00505
2019-07-09,XDR,UYU,buy,48.55757
2019-07-09,XDR,UYU,sell,48.55757
2019-07-09,ZAR,UYU,buy,2.48582
2019-07-09,ZAR,UYU,sell,2.48582
2019-07-10,ARS,UYU,buy,0.838582
2019-07-10,ARS,UYU,sell,0.838582
2019-07-10,AUD,UYU,buy,24.434502
2019-07-10,AUD,UYU,sell,24.434502
2019-07-10,BRL,UYU,buy,9.347198
2019-07-10,BRL,UYU,sell,9.347198
2019-07-10,CAD,UYU,buy,26.857952
2019-07-10,CAD,UYU,sell,26.857952
2019-07-10,CHF,UYU,buy,35.479861
2019-07-10,CHF,UYU,sell,35.479861
2019-07-10,CLP,UYU,buy,0.051154
2019-07-10,CLP,UYU,sell,0.051154
2019-07-10,CNY,UYU,buy,5.107306
2019-07-10,CNY,UYU,sell,5.107306
2019-07-10,COP,UYU,buy,0.010948
2019-07-10,COP,UYU,sell,0.010948
2019-07-10,DKK,UYU,buy,5.292464
2019-07-10,DKK,UYU,sell,5.292464
2019-07-10,EUR,UYU,buy,39.507301
2019-07-10,EUR,UYU,sell,39.507301
2019-07-10,GBP,UYU,buy,43.910847
2019-07-10,GBP,UYU,sell,43.910847
2019-07-10,HKD,UYU,buy,4.489895
2019-07-10,HKD,UYU,sell,4.489895
2019-07-10,HUF,UYU,buy,0.12128
2019-07-10,HUF,UYU,sell,0.12128
2019-07-10,INR,UYU,buy,0.511905
2019-07-10,INR,UYU,sell,0.511905
2019-07-10,ISK,UYU,buy,0.278411
2019-07-10,ISK,UYU,sell,0.278411
2019-07-10,JPY,UYU,buy,0.323774
2019-07-10,JPY,UYU,sell,0.323774
2019-07-10,KRW,UYU,buy,0.029708
2019-07-10,KRW,UYU,sell,0.029708
2019-07-10,MXN,UYU,buy,1.831238
2019-07-10,MXN,UYU,sell,1.831238
2019-07-10,MYR,UYU,buy,8.484892
2019-07-10,MYR,UYU,sell,8.484892
2019-07-10,NOK,UYU,buy,4.091643
2019-07-10,NOK,UYU,sell,4.091643
2019-07-10,NZD,UYU,buy,23.316504
2019-07-10,NZD,UYU,sell,23.316504
2019-07-10,PEN,UYU,buy,10.690422
2019-07-10,PEN,UYU,sell,10.690422
2019-07-10,PYG,UYU,buy,0.005796
2019-07-10,PYG,UYU,sell,0.005796
2019-07-10,RUB,UYU,buy,0.555994
2019-07-10,RUB,UYU,sell,0.555994
2019-07-10,SEK,UYU,buy,3.728306
2019-07-10,SEK,UYU,sell,3.728306
2019-07-10,TRY,UYU,buy,6.171238
2019-07-10,TRY,UYU,sell,6.171238
2019-07-10,USD,UYU,buy,35.106
2019-07-10,USD,UYU,sell,35.106
2019-07-10,VES,UYU,buy,0.004948
2019-07-10,VES,UYU,sell,0.004948
2019-07-10,XDR,UYU,buy,48.453397
2019-07-10,XDR,UYU,sell,48.453397
2019-07-10,ZAR,UYU,buy,2.50949
2019-07-10,ZAR,UYU,sell,2.50949
2019-07-11,ARS,UYU,buy,0.839347
2019-07-11,ARS,UYU,sell,0.839347
2019-07-11,AUD,UYU,buy,24.458534
2019-07-11,AUD,UYU,sell,24.458534
2019-07-11,BRL,UYU,buy,9.358585
2019-07-11,BRL,UYU,sell,9.358585
2019-07-11,CAD,UYU,buy,26.888608
2019-07-11,CAD,UYU,sell,26.888608
2019-07-11,CHF,UYU,buy,35.512205
2019-07-11,CHF,UYU,sell,35.512205
2019-07-11,CLP,UYU,buy,0.051201
2019-07-11,CLP,UYU,sell,0.051201
2019-07-11,CNY,UYU,buy,5.111961
2019-07-11,CNY,UYU,sell,5.111961
2019-07-11,COP,UYU,buy,0.010958
2019-07-11,COP,UYU,sell,0.010958
2019-07-11,DKK,UYU,buy,5.297248
2019-07-11,DKK,UYU,sell,5.297248
2019-07-11,EUR,UYU,buy,39.543317
2019-07-11,EUR,UYU,sell,39.543317
2019-07-11,GBP,UYU,buy,43.950877
2019-07-11,GBP,UYU,sell,43.950877
2019-07-11,HKD,UYU,buy,4.493988
2019-07-11,HKD,UYU,sell,4.493988
2019-07-11,HUF,UYU,buy,0.12139
2019-07-11,HUF,UYU,sell,0.12139
2019-07-11,INR,UYU,buy,0.512372
2019-07-11,INR,UYU,sell,0.512372
2019-07-11,ISK,UYU,buy,0.278664
2019-07-11,ISK,UYU,sell,0.278664
2019-07-11,JPY,UYU,buy,0.324084
2019-07-11,JPY,UYU,sell,0.324084
2019-07-11,KRW,UYU,buy,0.029736
2019-07-11,KRW,UYU,sell,0.029736
2019-07-11,MXN,UYU,buy,1.833467
2019-07-11,MXN,UYU,sell,1.833467
2019-07-11,MYR,UYU,buy,8.492628
2019-07-11,MYR,UYU,sell,8.492628
2019-07-11,NOK,UYU,buy,4.096089
2019-07-11,NOK,UYU,sell,4.096089
2019-07-11,NZD,UYU,buy,23.339516
2019-07-11,NZD,UYU,sell,23.339516
2019-07-11,PEN,UYU,buy,10.700168
2019-07-11,PEN,UYU,sell,10.700168
2019-07-11,PYG,UYU,buy,0.005801
2019-07-11,PYG,UYU,sell,0.005801
2019-07-11,RUB,UYU,buy,0.556506
2019-07-11,RUB,UYU,sell,0.556506
2019-07-11,SEK,UYU,buy,3.732438
2019-07-11,SEK,UYU,sell,3.732438
2019-07-11,TRY,UYU,buy,6.182733
2019-07-11,TRY,UYU,sell,6.182733
2019-07-11,USD,UYU,buy,35.134
2019-07-11,USD,UYU,sell,35.134
2019-07-11,VES,UYU,buy,0.004952
2019-07-11,VES,UYU,sell,0.004952
2019-07-11,XDR,UYU,buy,48.497568
2019-07-11,XDR,UYU,sell,48.497568
2019-07-11,ZAR,UYU,buy,2.512865
2019-07-11,ZAR,UYU,sell,2.512865
2019-07-12,ARS,UYU,buy,0.84377
2019-07-12,ARS,UYU,sell,0.84377
2019-07-12,AUD,UYU,buy,24.52892
2019-07-12,AUD,UYU,sell,24.52892
2019-07-12,BRL,UYU,buy,9.372564
2019-07-12,BRL,UYU,sell,9.372564
2019-07-12,CAD,UYU,buy,26.925407
2019-07-12,CAD,UYU,sell,26.925407
2019-07-12,CHF,UYU,buy,35.589801
2019-07-12,CHF,UYU,sell,35.589801
2019-07-12,CLP,UYU,buy,0.051465
2019-07-12,CLP,UYU,sell,0.051465
2019-07-12,CNY,UYU,buy,5.100917
2019-07-12,CNY,UYU,sell,5.100917
2019-07-12,COP,UYU,buy,0.010991
2019-07-12,COP,UYU,sell,0.010991
2019-07-12,DKK,UYU,buy,5.286906
2019-07-12,DKK,UYU,sell,5.286906
2019-07-12,EUR,UYU,buy,39.477958
2019-07-12,EUR,UYU,sell,39.477958
2019-07-12,GBP,UYU,buy,44.025682
2019-07-12,GBP,UYU,sell,44.025682
2019-07-12,HKD,UYU,buy,4.487195
2019-07-12,HKD,UYU,sell,4.487195
2019-07-12,HUF,UYU,buy,0.121142
2019-07-12,HUF,UYU,sell,0.121142
2019-07-12,INR,UYU,buy,0.511096
2019-07-12,INR,UYU,sell,0.511096
2019-07-12,ISK,UYU,buy,0.278195
2019-07-12,ISK,UYU,sell,0.278195
2019-07-12,JPY,UYU,buy,0.324301
2019-07-12,JPY,UYU,sell,0.324301
2019-07-12,KRW,UYU,buy,0.029776
2019-07-12,KRW,UYU,sell,0.029776
2019-07-12,MXN,UYU,buy,1.845835
2019-07-12,MXN,UYU,sell,1.845835
2019-07-12,MYR,UYU,buy,8.534889
2019-07-12,MYR,UYU,sell,8.534889
2019-07-12,NOK,UYU,buy,4.105083
2019-07-12,NOK,UYU,sell,4.105083
2019-07-12,NZD,UYU,buy,23.402082
2019-07-12,NZD,UYU,sell,23.402082
2019-07-12,PEN,UYU,buy,10.684848
2019-07-12,PEN,UYU,sell,10.684848
2019-07-12,PYG,UYU,buy,0.005841
2019-07-12,PYG,UYU,sell,0.005841
2019-07-12,RUB,UYU,buy,0.556022
2019-07-12,RUB,UYU,sell,0.556022
2019-07-12,SEK,UYU,buy,3.739959
2019-07-12,SEK,UYU,sell,3.739959
2019-07-12,TRY,UYU,buy,6.079194
2019-07-12,TRY,UYU,sell,6.079194
2019-07-12,USD,UYU,buy,35.104
2019-07-12,USD,UYU,sell,35.104
2019-07-12,VES,UYU,buy,0.004911
2019-07-12,VES,UYU,sell,0.004911
2019-07-12,XDR,UYU,buy,48.564278
2019-07-12,XDR,UYU,sell,48.564278
2019-07-12,ZAR,UYU,buy,2.507232
2019-07-12,ZAR,UYU,sell,2.507232
2019-07-15,ARS,UYU,buy,0.827906
2019-07-15,ARS,UYU,sell,0.827906
2019-07-15,AUD,UYU,buy,24.701269
2019-07-15,AUD,UYU,sell,24.701269
2019-07-15,BRL,UYU,buy,9.345867
2019-07-15,BRL,UYU,sell,9.345867
2019-07-15,CAD,UYU,buy,26.90353
2019-07-15,CAD,UYU,sell,26.90353
2019-07-15,CHF,UYU,buy,35.640518
2019-07-15,CHF,UYU,sell,35.640518
2019-07-15,CLP,UYU,buy,0.051561
2019-07-15,CLP,UYU,sell,0.051561
2019-07-15,CNY,UYU,buy,5.10294
2019-07-15,CNY,UYU,sell,5.10294
2019-07-15,COP,UYU,buy,0.010999
2019-07-15,COP,UYU,sell,0.010999
2019-07-15,DKK,UYU,buy,5.291829
2019-07-15,DKK,UYU,sell,5.291829
2019-07-15,EUR,UYU,buy,39.515712
2019-07-15,EUR,UYU,sell,39.515712
2019-07-15,GBP,UYU,buy,43.939689
2019-07-15,GBP,UYU,sell,43.939689
2019-07-15,HKD,UYU,buy,4.484581
2019-07-15,HKD,UYU,sell,4.484581
2019-07-15,HUF,UYU,buy,0.121479
2019-07-15,HUF,UYU,sell,0.121479
2019-07-15,INR,UYU,buy,0.511982
2019-07-15,INR,UYU,sell,0.511982
2019-07-15,ISK,UYU,buy,0.278857
2019-07-15,ISK,UYU,sell,0.278857
2019-07-15,JPY,UYU,buy,0.325258
2019-07-15,JPY,UYU,sell,0.325258
2019-07-15,KRW,UYU,buy,0.029762
2019-07-15,KRW,UYU,sell,0.029762
2019-07-15,MXN,UYU,buy,1.849635
2019-07-15,MXN,UYU,sell,1.849635
2019-07-15,MYR,UYU,buy,8.542534
2019-07-15,MYR,UYU,sell,8.542534
2019-07-15,NOK,UYU,buy,4.110176
2019-07-15,NOK,UYU,sell,4.110176
2019-07-15,NZD,UYU,buy,23.590449
2019-07-15,NZD,UYU,sell,23.590449
2019-07-15,PEN,UYU,buy,10.688899
2019-07-15,PEN,UYU,sell,10.688899
2019-07-15,PYG,UYU,buy,0.005859
2019-07-15,PYG,UYU,sell,0.005859
2019-07-15,RUB,UYU,buy,0.560141
2019-07-15,RUB,UYU,sell,0.560141
2019-07-15,SEK,UYU,buy,3.752606
2019-07-15,SEK,UYU,sell,3.752606
2019-07-15,TRY,UYU,buy,6.139596
2019-07-15,TRY,UYU,sell,6.139596
2019-07-15,USD,UYU,buy,35.097
2019-07-15,USD,UYU,sell,35.097
2019-07-15,VES,UYU,buy,0.004877
2019-07-15,VES,UYU,sell,0.004877
2019-07-15,XDR,UYU,buy,48.60022
2019-07-15,XDR,UYU,sell,48.60022
2019-07-15,ZAR,UYU,buy,2.524074
2019-07-15,ZAR,UYU,sell,2.524074
2019-07-16,ARS,UYU,buy,0.824019
2019-07-16,ARS,UYU,sell,0.824019
2019-07-16,AUD,UYU,buy,24.664731
2019-07-16,AUD,UYU,sell,24.664731
2019-07-16,BRL,UYU,buy,9.341834
2019-07-16,BRL,UYU,sell,9.341834
2019-07-16,CAD,UYU,buy,26.904097
2019-07-16,CAD,UYU,sell,26.904097
2019-07-16,CHF,UYU,buy,35.575902
2019-07-16,CHF,UYU,sell,35.575902
2019-07-16,CLP,UYU,buy,0.051598
2019-07-16,CLP,UYU,sell,0.051598
2019-07-16,CNY,UYU,buy,5.113942
2019-07-16,CNY,UYU,sell,5.113942
2019-07-16,COP,UYU,buy,0.01099
2019-07-16,COP,UYU,sell,0.01099
2019-07-16,DKK,UYU,buy,5.277692
2019-07-16,DKK,UYU,sell,5.277692
2019-07-16,EUR,UYU,buy,39.407657
2019-07-16,EUR,UYU,sell,39.407657
2019-07-16,GBP,UYU,buy,43.623941
2019-07-16,GBP,UYU,sell,43.623941
2019-07-16,HKD,UYU,buy,4.498356
2019-07-16,HKD,UYU,sell,4.498356
2019-07-16,HUF,UYU,buy,0.120859
2019-07-16,HUF,UYU,sell,0.120859
2019-07-16,INR,UYU,buy,0.511761
2019-07-16,INR,UYU,sell,0.511761
2019-07-16,ISK,UYU,buy,0.278105
2019-07-16,ISK,UYU,sell,0.278105
2019-07-16,JPY,UYU,buy,0.324535
2019-07-16,JPY,UYU,sell,0.324535
2019-07-16,KRW,UYU,buy,0.029861
2019-07-16,KRW,UYU,sell,0.029861
2019-07-16,MXN,UYU,buy,1.842223
2019-07-16,MXN,UYU,sell,1.842223
2019-07-16,MYR,UYU,buy,8.55284
2019-07-16,MYR,UYU,sell,8.55284
2019-07-16,NOK,UYU,buy,4.102166
2019-07-16,NOK,UYU,sell,4.102166
2019-07-16,NZD,UYU,buy,23.572858
2019-07-16,NZD,UYU,sell,23.572858
2019-07-16,PEN,UYU,buy,10.696578
2019-07-16,PEN,UYU,sell,10.696578
2019-07-16,PYG,UYU,buy,0.005841
2019-07-16,PYG,UYU,sell,0.005841
2019-07-16,RUB,UYU,buy,0.558201
2019-07-16,RUB,UYU,sell,0.558201
2019-07-16,SEK,UYU,buy,3.744622
2019-07-16,SEK,UYU,sell,3.744622
2019-07-16,TRY,UYU,buy,6.155152
2019-07-16,TRY,UYU,sell,6.155152
2019-07-16,USD,UYU,buy,35.165
2019-07-16,USD,UYU,sell,35.165
2019-07-16,VES,UYU,buy,0.004859
2019-07-16,VES,UYU,sell,0.004859
2019-07-16,XDR,UYU,buy,48.577634
2019-07-16,XDR,UYU,sell,48.577634
2019-07-16,ZAR,UYU,buy,2.521701
2019-07-16,ZAR,UYU,sell,2.521701
2019-07-17,ARS,UYU,buy,0.825614
2019-07-17,ARS,UYU,sell,0.825614
2019-07-17,AUD,UYU,buy,24.618788
2019-07-17,AUD,UYU,sell,24.618788
2019-07-17,BRL,UYU,buy,9.335514
2019-07-17,BRL,UYU,sell,9.335514
2019-07-17,CAD,UYU,buy,26.901176
2019-07-17,CAD,UYU,sell,26.901176
2019-07-17,CHF,UYU,buy,35.55533
2019-07-17,CHF,UYU,sell,35.55533
2019-07-17,CLP,UYU,buy,0.051457
2019-07-17,CLP,UYU,sell,0.051457
2019-07-17,CNY,UYU,buy,5.106785
2019-07-17,CNY,UYU,sell,5.106785
2019-07-17,COP,UYU,buy,0.011021
2019-07-17,COP,UYU,sell,0.011021
2019-07-17,DKK,UYU,buy,5.274451
2019-07-17,DKK,UYU,sell,5.274451
2019-07-17,EUR,UYU,buy,39.387954
2019-07-17,EUR,UYU,sell,39.387954
2019-07-17,GBP,UYU,buy,43.631786
2019-07-17,GBP,UYU,sell,43.631786
2019-07-17,HKD,UYU,buy,4.49205
2019-07-17,HKD,UYU,sell,4.49205
2019-07-17,HUF,UYU,buy,0.120598
2019-07-17,HUF,UYU,sell,0.120598
2019-07-17,INR,UYU,buy,0.510064
2019-07-17,INR,UYU,sell,0.510064
2019-07-17,ISK,UYU,buy,0.278753
2019-07-17,ISK,UYU,sell,0.278753
2019-07-17,JPY,UYU,buy,0.324748
2019-07-17,JPY,UYU,sell,0.324748
2019-07-17,KRW,UYU,buy,0.029715
2019-07-17,KRW,UYU,sell,0.029715
2019-07-17,MXN,UYU,buy,1.842881
2019-07-17,MXN,UYU,sell,1.842881
2019-07-17,MYR,UYU,buy,8.531292
2019-07-17,MYR,UYU,sell,8.531292
2019-07-17,NOK,UYU,buy,4.088236
2019-07-17,NOK,UYU,sell,4.088236
2019-07-17,NZD,UYU,buy,23.653483
2019-07-17,NZD,UYU,sell,23.653483
2019-07-17,PEN,UYU,buy,10.674005
2019-07-17,PEN,UYU,sell,10.674005
2019-07-17,PYG,UYU,buy,0.005826
2019-07-17,PYG,UYU,sell,0.005826
2019-07-17,RUB,UYU,buy,0.557731
2019-07-17,RUB,UYU,sell,0.557731
2019-07-17,SEK,UYU,buy,3.747351
2019-07-17,SEK,UYU,sell,3.747351
2019-07-17,TRY,UYU,buy,6.162895
2019-07-17,TRY,UYU,sell,6.162895
2019-07-17,USD,UYU,buy,35.102
2019-07-17,USD,UYU,sell,35.102
2019-07-17,VES,UYU,buy,0.00485
2019-07-17,VES,UYU,sell,0.00485
2019-07-17,XDR,UYU,buy,48.46814
2019-07-17,XDR,UYU,sell,48.46814
2019-07-17,ZAR,UYU,buy,2.508226
2019-07-17,ZAR,UYU,sell,2.508226
2019-07-19,ARS,UYU,buy,0.826405
2019-07-19,ARS,UYU,sell,0.826405
2019-07-19,AUD,UYU,buy,24.737053
2019-07-19,AUD,UYU,sell,24.737053
2019-07-19,BRL,UYU,buy,9.368453
2019-07-19,BRL,UYU,sell,9.368453
2019-07-19,CAD,UYU,buy,26.7901
2019-07-19,CAD,UYU,sell,26.7901
2019-07-19,CHF,UYU,buy,35.696009
2019-07-19,CHF,UYU,sell,35.696009
2019-07-19,CLP,UYU,buy,0.051126
2019-07-19,CLP,UYU,sell,0.051126
2019-07-19,CNY,UYU,buy,5.089609
2019-07-19,CNY,UYU,sell,5.089609
2019-07-19,COP,UYU,buy,0.011034
2019-07-19,COP,UYU,sell,0.011034
2019-07-19,DKK,UYU,buy,5.270835
2019-07-19,DKK,UYU,sell,5.270835
2019-07-19,EUR,UYU,buy,39.352732
2019-07-19,EUR,UYU,sell,39.352732
2019-07-19,GBP,UYU,buy,43.894307
2019-07-19,GBP,UYU,sell,43.894307
2019-07-19,HKD,UYU,buy,4.486355
2019-07-19,HKD,UYU,sell,4.486355
2019-07-19,HUF,UYU,buy,0.120949
2019-07-19,HUF,UYU,sell,0.120949
2019-07-19,INR,UYU,buy,0.508898
2019-07-19,INR,UYU,sell,0.508898
2019-07-19,ISK,UYU,buy,0.280498
2019-07-19,ISK,UYU,sell,0.280498
2019-07-19,JPY,UYU,buy,0.325428
2019-07-19,JPY,UYU,sell,0.325428
2019-07-19,KRW,UYU,buy,0.029816
2019-07-19,KRW,UYU,sell,0.029816
2019-07-19,MXN,UYU,buy,1.841833
2019-07-19,MXN,UYU,sell,1.841833
2019-07-19,MYR,UYU,buy,8.514011
2019-07-19,MYR,UYU,sell,8.514011
2019-07-19,NOK,UYU,buy,4.091395
2019-07-19,NOK,UYU,sell,4.091395
2019-07-19,NZD,UYU,buy,23.7461
2019-07-19,NZD,UYU,sell,23.7461
2019-07-19,PEN,UYU,buy,10.668942
2019-07-19,PEN,UYU,sell,10.668942
2019-07-19,PYG,UYU,buy,0.005858
2019-07-19,PYG,UYU,sell,0.005858
2019-07-19,RUB,UYU,buy,0.556226
2019-07-19,RUB,UYU,sell,0.556226
2019-07-19,SEK,UYU,buy,3.737611
2019-07-19,SEK,UYU,sell,3.737611
2019-07-19,TRY,UYU,buy,6.20807
2019-07-19,TRY,UYU,sell,6.20807
2019-07-19,USD,UYU,buy,35.016
2019-07-19,USD,UYU,sell,35.016
2019-07-19,VES,UYU,buy,0.00469
2019-07-19,VES,UYU,sell,0.00469
2019-07-19,XDR,UYU,buy,48.441835
2019-07-19,XDR,UYU,sell,48.441835
2019-07-19,ZAR,UYU,buy,2.520678
2019-07-19,ZAR,UYU,sell,2.520678
2019-07-22,ARS,UYU,buy,0.819951
2019-07-22,ARS,UYU,sell,0.819951
2019-07-22,AUD,UYU,buy,24.491279
2019-07-22,AUD,UYU,sell,24.491279
2019-07-22,BRL,UYU,buy,9.323085
2019-07-22,BRL,UYU,sell,9.323085
2019-07-22,CAD,UYU,buy,26.548963
2019-07-22,CAD,UYU,sell,26.548963
2019-07-22,CHF,UYU,buy,35.458111
2019-07-22,CHF,UYU,sell,35.458111
2019-07-22,CLP,UYU,buy,0.050543
2019-07-22,CLP,UYU,sell,0.050543
2019-07-22,CNY,UYU,buy,5.058856
2019-07-22,CNY,UYU,sell,5.058856
2019-07-22,COP,UYU,buy,0.010953
2019-07-22,COP,UYU,sell,0.010953
2019-07-22,DKK,UYU,buy,5.226602
2019-07-22,DKK,UYU,sell,5.226602
2019-07-22,EUR,UYU,buy,39.023131
2019-07-22,EUR,UYU,sell,39.023131
2019-07-22,GBP,UYU,buy,43.438906
2019-07-22,GBP,UYU,sell,43.438906
2019-07-22,HKD,UYU,buy,4.456863
2019-07-22,HKD,UYU,sell,4.456863
2019-07-22,HUF,UYU,buy,0.119982
2019-07-22,HUF,UYU,sell,0.119982
2019-07-22,INR,UYU,buy,0.505093
2019-07-22,INR,UYU,sell,0.505093
2019-07-22,ISK,UYU,buy,0.278923
2019-07-22,ISK,UYU,sell,0.278923
2019-07-22,JPY,UYU,buy,0.322608
2019-07-22,JPY,UYU,sell,0.322608
2019-07-22,KRW,UYU,buy,0.029543
2019-07-22,KRW,UYU,sell,0.029543
2019-07-22,MXN,UYU,buy,1.825562
2019-07-22,MXN,UYU,sell,1.825562
2019-07-22,MYR,UYU,buy,8.463137
2019-07-22,MYR,UYU,sell,8.463137
2019-07-22,NOK,UYU,buy,4.043183
2019-07-22,NOK,UYU,sell,4.043183
2019-07-22,NZD,UYU,buy,23.547901
2019-07-22,NZD,UYU,sell,23.547901
2019-07-22,PEN,UYU,buy,10.595988
2019-07-22,PEN,UYU,sell,10.595988
2019-07-22,PYG,UYU,buy,0.005821
2019-07-22,PYG,UYU,sell,0.005821
2019-07-22,RUB,UYU,buy,0.551599
2019-07-22,RUB,UYU,sell,0.551599
2019-07-22,SEK,UYU,buy,3.700345
2019-07-22,SEK,UYU,sell,3.700345
2019-07-22,TRY,UYU,buy,6.131018
2019-07-22,TRY,UYU,sell,6.131018
2019-07-22,USD,UYU,buy,34.811
2019-07-22,USD,UYU,sell,34.811
2019-07-22,VES,UYU,buy,0.004645
2019-07-22,VES,UYU,sell,0.004645
2019-07-22,XDR,UYU,buy,48.102884
2019-07-22,XDR,UYU,sell,48.102884
2019-07-22,ZAR,UYU,buy,2.511027
2019-07-22,ZAR,UYU,sell,2.511027
2019-07-23,ARS,UYU,buy,0.806327
2019-07-23,ARS,UYU,sell,0.806327
2019-07-23,AUD,UYU,buy,24.080197
2019-07-23,AUD,UYU,sell,24.080197
2019-07-23,BRL,UYU,buy,9.128144
2019-07-23,BRL,UYU,sell,9.128144
2019-07-23,CAD,UYU,buy,26.171468
2019-07-23,CAD,UYU,sell,26.171468
2019-07-23,CHF,UYU,buy,34.920538
2019-07-23,CHF,UYU,sell,34.920538
2019-07-23,CLP,UYU,buy,0.049771
2019-07-23,CLP,UYU,sell,0.049771
2019-07-23,CNY,UYU,buy,4.99891
2019-07-23,CNY,UYU,sell,4.99891
2019-07-23,COP,UYU,buy,0.010798
2019-07-23,COP,UYU,sell,0.010798
2019-07-23,DKK,UYU,buy,5.137176
2019-07-23,DKK,UYU,sell,5.137176
2019-07-23,EUR,UYU,buy,38.351217
2019-07-23,EUR,UYU,sell,38.351217
2019-07-23,GBP,UYU,buy,42.776953
2019-07-23,GBP,UYU,sell,42.776953
2019-07-23,HKD,UYU,buy,4.402227
2019-07-23,HKD,UYU,sell,4.402227
2019-07-23,HUF,UYU,buy,0.117658
2019-07-23,HUF,UYU,sell,0.117658
2019-07-23,INR,UYU,buy,0.498811
2019-07-23,INR,UYU,sell,0.498811
2019-07-23,ISK,UYU,buy,0.277917
2019-07-23,ISK,UYU,sell,0.277917
2019-07-23,JPY,UYU,buy,0.318172
2019-07-23,JPY,UYU,sell,0.318172
2019-07-23,KRW,UYU,buy,0.029167
2019-07-23,KRW,UYU,sell,0.029167
2019-07-23,MXN,UYU,buy,1.797102
2019-07-23,MXN,UYU,sell,1.797102
2019-07-23,MYR,UYU,buy,8.349642
2019-07-23,MYR,UYU,sell,8.349642
2019-07-23,NOK,UYU,buy,3.956122
2019-07-23,NOK,UYU,sell,3.956122
2019-07-23,NZD,UYU,buy,23.072629
2019-07-23,NZD,UYU,sell,23.072629
2019-07-23,PEN,UYU,buy,10.453709
2019-07-23,PEN,UYU,sell,10.453709
2019-07-23,PYG,UYU,buy,0.005751
2019-07-23,PYG,UYU,sell,0.005751
2019-07-23,RUB,UYU,buy,0.54352
2019-07-23,RUB,UYU,sell,0.54352
2019-07-23,SEK,UYU,buy,3.630183
2019-07-23,SEK,UYU,sell,3.630183
2019-07-23,TRY,UYU,buy,6.039764
2019-07-23,TRY,UYU,sell,6.039764
2019-07-23,USD,UYU,buy,34.388
2019-07-23,USD,UYU,sell,34.388
2019-07-23,VES,UYU,buy,0.004525
2019-07-23,VES,UYU,sell,0.004525
2019-07-23,XDR,UYU,buy,47.451313
2019-07-23,XDR,UYU,sell,47.451313
2019-07-23,ZAR,UYU,buy,2.477673
2019-07-23,ZAR,UYU,sell,2.477673
2019-07-24,ARS,UYU,buy,0.788803
2019-07-24,ARS,UYU,sell,0.788803
2019-07-24,AUD,UYU,buy,23.6015
2019-07-24,AUD,UYU,sell,23.6015
2019-07-24,BRL,UYU,buy,8.975618
2019-07-24,BRL,UYU,sell,8.975618
2019-07-24,CAD,UYU,buy,25.737
2019-07-24,CAD,UYU,sell,25.737
2019-07-24,CHF,UYU,buy,34.319046
2019-07-24,CHF,UYU,sell,34.319046
2019-07-24,CLP,UYU,buy,0.049004
2019-07-24,CLP,UYU,sell,0.049004
2019-07-24,CNY,UYU,buy,4.922947
2019-07-24,CNY,UYU,sell,4.922947
2019-07-24,COP,UYU,buy,0.010574
2019-07-24,COP,UYU,sell,0.010574
2019-07-24,DKK,UYU,buy,5.046203
2019-07-24,DKK,UYU,sell,5.046203
2019-07-24,EUR,UYU,buy,37.673088
2019-07-24,EUR,UYU,sell,37.673088
2019-07-24,GBP,UYU,buy,42.221532
2019-07-24,GBP,UYU,sell,42.221532
2019-07-24,HKD,UYU,buy,4.329132
2019-07-24,HKD,UYU,sell,4.329132
2019-07-24,HUF,UYU,buy,0.115767
2019-07-24,HUF,UYU,sell,0.115767
2019-07-24,INR,UYU,buy,0.490432
2019-07-24,INR,UYU,sell,0.490432
2019-07-24,ISK,UYU,buy,0.277216
2019-07-24,ISK,UYU,sell,0.277216
2019-07-24,JPY,UYU,buy,0.312604
2019-07-24,JPY,UYU,sell,0.312604
2019-07-24,KRW,UYU,buy,0.028722
2019-07-24,KRW,UYU,sell,0.028722
2019-07-24,MXN,UYU,buy,1.773242
2019-07-24,MXN,UYU,sell,1.773242
2019-07-24,MYR,UYU,buy,8.217647
2019-07-24,MYR,UYU,sell,8.217647
2019-07-24,NOK,UYU,buy,3.912588
2019-07-24,NOK,UYU,sell,3.912588
2019-07-24,NZD,UYU,buy,22.681324
2019-07-24,NZD,UYU,sell,22.681324
2019-07-24,PEN,UYU,buy,10.26863
2019-07-24,PEN,UYU,sell,10.26863
2019-07-24,PYG,UYU,buy,0.005624
2019-07-24,PYG,UYU,sell,0.005624
2019-07-24,RUB,UYU,buy,0.534565
2019-07-24,RUB,UYU,sell,0.534565
2019-07-24,SEK,UYU,buy,3.588191
2019-07-24,SEK,UYU,sell,3.588191
2019-07-24,TRY,UYU,buy,5.926718
2019-07-24,TRY,UYU,sell,5.926718
2019-07-24,USD,UYU,buy,33.83
2019-07-24,USD,UYU,sell,33.83
2019-07-24,VES,UYU,buy,0.004451
2019-07-24,VES,UYU,sell,0.004451
2019-07-24,XDR,UYU,buy,46.669838
2019-07-24,XDR,UYU,sell,46.669838
2019-07-24,ZAR,UYU,buy,2.43482
2019-07-24,ZAR,UYU,sell,2.43482
2019-07-25,ARS,UYU,buy,0.786878
2019-07-25,ARS,UYU,sell,0.786878
2019-07-25,AUD,UYU,buy,23.71813
2019-07-25,AUD,UYU,sell,23.71813
2019-07-25,BRL,UYU,buy,9.020038
2019-07-25,BRL,UYU,sell,9.020038
2019-07-25,CAD,UYU,buy,25.940361
2019-07-25,CAD,UYU,sell,25.940361
2019-07-25,CHF,UYU,buy,34.452349
2019-07-25,CHF,UYU,sell,34.452349
2019-07-25,CLP,UYU,buy,0.049047
2019-07-25,CLP,UYU,sell,0.049047
2019-07-25,CNY,UYU,buy,4.968279
2019-07-25,CNY,UYU,sell,4.968279
2019-07-25,COP,UYU,buy,0.010612
2019-07-25,COP,UYU,sell,0.010612
2019-07-25,DKK,UYU,buy,5.097337
2019-07-25,DKK,UYU,sell,5.097337
2019-07-25,EUR,UYU,buy,38.062024
2019-07-25,EUR,UYU,sell,38.062024
2019-07-25,GBP,UYU,buy,42.52123
2019-07-25,GBP,UYU,sell,42.52123
2019-07-25,HKD,UYU,buy,4.369258
2019-07-25,HKD,UYU,sell,4.369258
2019-07-25,HUF,UYU,buy,0.116656
2019-07-25,HUF,UYU,sell,0.116656
2019-07-25,INR,UYU,buy,0.494545
2019-07-25,INR,UYU,sell,0.494545
2019-07-25,ISK,UYU,buy,0.280501
2019-07-25,ISK,UYU,sell,0.280501
2019-07-25,JPY,UYU,buy,0.314127
2019-07-25,JPY,UYU,sell,0.314127
2019-07-25,KRW,UYU,buy,0.028901
2019-07-25,KRW,UYU,sell,0.028901
2019-07-25,MXN,UYU,buy,1.792519
2019-07-25,MXN,UYU,sell,1.792519
2019-07-25,MYR,UYU,buy,8.298961
2019-07-25,MYR,UYU,sell,8.298961
2019-07-25,NOK,UYU,buy,3.934638
2019-07-25,NOK,UYU,sell,3.934638
2019-07-25,NZD,UYU,buy,22.734782
2019-07-25,NZD,UYU,sell,22.734782
2019-07-25,PEN,UYU,buy,10.356552
2019-07-25,PEN,UYU,sell,10.356552
2019-07-25,PYG,UYU,buy,0.005673
2019-07-25,PYG,UYU,sell,0.005673
2019-07-25,RUB,UYU,buy,0.539995
2019-07-25,RUB,UYU,sell,0.539995
2019-07-25,SEK,UYU,buy,3.612434
2019-07-25,SEK,UYU,sell,3.612434
2019-07-25,TRY,UYU,buy,5.989072
2019-07-25,TRY,UYU,sell,5.989072
2019-07-25,USD,UYU,buy,34.144
2019-07-25,USD,UYU,sell,34.144
2019-07-25,VES,UYU,buy,0.004237
2019-07-25,VES,UYU,sell,0.004237
2019-07-25,XDR,UYU,buy,47.077064
2019-07-25,XDR,UYU,sell,47.077064
2019-07-25,ZAR,UYU,buy,2.42303
2019-07-25,ZAR,UYU,sell,2.42303
2019-07-26,ARS,UYU,buy,0.788473
2019-07-26,ARS,UYU,sell,0.788473
2019-07-26,AUD,UYU,buy,23.609108
2019-07-26,AUD,UYU,sell,23.609108
2019-07-26,BRL,UYU,buy,9.075554
2019-07-26,BRL,UYU,sell,9.075554
2019-07-26,CAD,UYU,buy,25.925729
2019-07-26,CAD,UYU,sell,25.925729
2019-07-26,CHF,UYU,buy,34.395853
2019-07-26,CHF,UYU,sell,34.395853
2019-07-26,CLP,UYU,buy,0.049109
2019-07-26,CLP,UYU,sell,0.049109
2019-07-26,CNY,UYU,buy,4.96679
2019-07-26,CNY,UYU,sell,4.96679
2019-07-26,COP,UYU,buy,0.010557
2019-07-26,COP,UYU,sell,0.010557
2019-07-26,DKK,UYU,buy,5.090189
2019-07-26,DKK,UYU,sell,5.090189
2019-07-26,EUR,UYU,buy,38.013449
2019-07-26,EUR,UYU,sell,38.013449
2019-07-26,GBP,UYU,buy,42.326208
2019-07-26,GBP,UYU,sell,42.326208
2019-07-26,HKD,UYU,buy,4.370747
2019-07-26,HKD,UYU,sell,4.370747
2019-07-26,HUF,UYU,buy,0.116293
2019-07-26,HUF,UYU,sell,0.116293
2019-07-26,INR,UYU,buy,0.495958
2019-07-26,INR,UYU,sell,0.495958
2019-07-26,ISK,UYU,buy,0.280138
2019-07-26,ISK,UYU,sell,0.280138
2019-07-26,JPY,UYU,buy,0.314446
2019-07-26,JPY,UYU,sell,0.314446
2019-07-26,KRW,UYU,buy,0.028842
2019-07-26,KRW,UYU,sell,0.028842
2019-07-26,MXN,UYU,buy,1.791959
2019-07-26,MXN,UYU,sell,1.791959
2019-07-26,MYR,UYU,buy,8.295667
2019-07-26,MYR,UYU,sell,8.295667
2019-07-26,NOK,UYU,buy,3.91697
2019-07-26,NOK,UYU,sell,3.91697
2019-07-26,NZD,UYU,buy,22.662488
2019-07-26,NZD,UYU,sell,22.662488
2019-07-26,PEN,UYU,buy,10.360624
2019-07-26,PEN,UYU,sell,10.360624
2019-07-26,PYG,UYU,buy,0.005694
2019-07-26,PYG,UYU,sell,0.005694
2019-07-26,RUB,UYU,buy,0.538776
2019-07-26,RUB,UYU,sell,0.538776
2019-07-26,SEK,UYU,buy,3.595371
2019-07-26,SEK,UYU,sell,3.595371
2019-07-26,TRY,UYU,buy,6.031043
2019-07-26,TRY,UYU,sell,6.031043
2019-07-26,USD,UYU,buy,34.174
2019-07-26,USD,UYU,sell,34.174
2019-07-26,VES,UYU,buy,0.003999
2019-07-26,VES,UYU,sell,0.003999
2019-07-26,XDR,UYU,buy,47.0658
2019-07-26,XDR,UYU,sell,47.0658
2019-07-26,ZAR,UYU,buy,2.393146
2019-07-26,ZAR,UYU,sell,2.393146
2019-07-29,ARS,UYU,buy,0.780439
2019-07-29,ARS,UYU,sell,0.780439
2019-07-29,AUD,UYU,buy,23.608291
2019-07-29,AUD,UYU,sell,23.608291
2019-07-29,BRL,UYU,buy,9.041766
2019-07-29,BRL,UYU,sell,9.041766
2019-07-29,CAD,UYU,buy,25.990654
2019-07-29,CAD,UYU,sell,25.990654
2019-07-29,CHF,UYU,buy,34.493017
2019-07-29,CHF,UYU,sell,34.493017
2019-07-29,CLP,UYU,buy,0.049052
2019-07-29,CLP,UYU,sell,0.049052
2019-07-29,CNY,UYU,buy,4.961993
2019-07-29,CNY,UYU,sell,4.961993
2019-07-29,COP,UYU,buy,0.010412
2019-07-29,COP,UYU,sell,0.010412
2019-07-29,DKK,UYU,buy,5.1061
2019-07-29,DKK,UYU,sell,5.1061
2019-07-29,EUR,UYU,buy,38.123183
2019-07-29,EUR,UYU,sell,38.123183
2019-07-29,GBP,UYU,buy,41.813902
2019-07-29,GBP,UYU,sell,41.813902
2019-07-29,HKD,UYU,buy,4.373118
2019-07-29,HKD,UYU,sell,4.373118
2019-07-29,HUF,UYU,buy,0.116274
2019-07-29,HUF,UYU,sell,0.116274
2019-07-29,INR,UYU,buy,0.497672
2019-07-29,INR,UYU,sell,0.497672
2019-07-29,ISK,UYU,buy,0.281349
2019-07-29,ISK,UYU,sell,0.281349
2019-07-29,JPY,UYU,buy,0.31437
2019-07-29,JPY,UYU,sell,0.31437
2019-07-29,KRW,UYU,buy,0.028903
2019-07-29,KRW,UYU,sell,0.028903
2019-07-29,MXN,UYU,buy,1.794648
2019-07-29,MXN,UYU,sell,1.794648
2019-07-29,MYR,UYU,buy,8.288103
2019-07-29,MYR,UYU,sell,8.288103
2019-07-29,NOK,UYU,buy,3.9317
2019-07-29,NOK,UYU,sell,3.9317
2019-07-29,NZD,UYU,buy,22.676205
2019-07-29,NZD,UYU,sell,22.676205
2019-07-29,PEN,UYU,buy,10.364209
2019-07-29,PEN,UYU,sell,10.364209
2019-07-29,PYG,UYU,buy,0.005679
2019-07-29,PYG,UYU,sell,0.005679
2019-07-29,RUB,UYU,buy,0.538951
2019-07-29,RUB,UYU,sell,0.538951
2019-07-29,SEK,UYU,buy,3.605023
2019-07-29,SEK,UYU,sell,3.605023
2019-07-29,TRY,UYU,buy,6.099486
2019-07-29,TRY,UYU,sell,6.099486
2019-07-29,USD,UYU,buy,34.205
2019-07-29,USD,UYU,sell,34.205
2019-07-29,VES,UYU,buy,0.003875
2019-07-29,VES,UYU,sell,0.003875
2019-07-29,XDR,UYU,buy,47.054792
2019-07-29,XDR,UYU,sell,47.054792
2019-07-29,ZAR,UYU,buy,2.414099
2019-07-29,ZAR,UYU,sell,2.414099
2019-07-30,ARS,UYU,buy,0.780975
2019-07-30,ARS,UYU,sell,0.780975
2019-07-30,AUD,UYU,buy,23.593976
2019-07-30,AUD,UYU,sell,23.593976
2019-07-30,BRL,UYU,buy,9.055797
2019-07-30,BRL,UYU,sell,9.055797
2019-07-30,CAD,UYU,buy,26.09846
2019-07-30,CAD,UYU,sell,26.09846
2019-07-30,CHF,UYU,buy,34.663974
2019-07-30,CHF,UYU,sell,34.663974
2019-07-30,CLP,UYU,buy,0.048946
2019-07-30,CLP,UYU,sell,0.048946
2019-07-30,CNY,UYU,buy,4.985983
2019-07-30,CNY,UYU,sell,4.985983
2019-07-30,COP,UYU,buy,0.010392
2019-07-30,COP,UYU,sell,0.010392
2019-07-30,DKK,UYU,buy,5.127876
2019-07-30,DKK,UYU,sell,5.127876
2019-07-30,EUR,UYU,buy,38.294086
2019-07-30,EUR,UYU,sell,38.294086
2019-07-30,GBP,UYU,buy,41.742132
2019-07-30,GBP,UYU,sell,41.742132
2019-07-30,HKD,UYU,buy,4.387662
2019-07-30,HKD,UYU,sell,4.387662
2019-07-30,HUF,UYU,buy,0.11692
2019-07-30,HUF,UYU,sell,0.11692
2019-07-30,INR,UYU,buy,0.498508
2019-07-30,INR,UYU,sell,0.498508
2019-07-30,ISK,UYU,buy,0.284309
2019-07-30,ISK,UYU,sell,0.284309
2019-07-30,JPY,UYU,buy,0.316063
2019-07-30,JPY,UYU,sell,0.316063
2019-07-30,KRW,UYU,buy,0.029043
2019-07-30,KRW,UYU,sell,0.029043
2019-07-30,MXN,UYU,buy,1.800222
2019-07-30,MXN,UYU,sell,1.800222
2019-07-30,MYR,UYU,buy,8.317422
2019-07-30,MYR,UYU,sell,8.317422
2019-07-30,NOK,UYU,buy,3.925349
2019-07-30,NOK,UYU,sell,3.925349
2019-07-30,NZD,UYU,buy,22.704933
2019-07-30,NZD,UYU,sell,22.704933
2019-07-30,PEN,UYU,buy,10.411125
2019-07-30,PEN,UYU,sell,10.411125
2019-07-30,PYG,UYU,buy,0.005707
2019-07-30,PYG,UYU,sell,0.005707
2019-07-30,RUB,UYU,buy,0.540565
2019-07-30,RUB,UYU,sell,0.540565
2019-07-30,SEK,UYU,buy,3.58884
2019-07-30,SEK,UYU,sell,3.58884
2019-07-30,TRY,UYU,buy,6.173908
2019-07-30,TRY,UYU,sell,6.173908
2019-07-30,USD,UYU,buy,34.326
2019-07-30,USD,UYU,sell,34.326
2019-07-30,VES,UYU,buy,0.003496
2019-07-30,VES,UYU,sell,0.003496
2019-07-30,XDR,UYU,buy,47.215756
2019-07-30,XDR,UYU,sell,47.215756
2019-07-30,ZAR,UYU,buy,2.416022
2019-07-30,ZAR,UYU,sell,2.416022
2019-07-31,ARS,UYU,buy,0.782817
2019-07-31,ARS,UYU,sell,0.782817
2019-07-31,AUD,UYU,buy,23.521163
2019-07-31,AUD,UYU,sell,23.521163
2019-07-31,BRL,UYU,buy,9.045306
2019-07-31,BRL,UYU,sell,9.045306
2019-07-31,CAD,UYU,buy,26.050356
2019-07-31,CAD,UYU,sell,26.050356
2019-07-31,CHF,UYU,buy,34.595629
2019-07-31,CHF,UYU,sell,34.595629
2019-07-31,CLP,UYU,buy,0.049267
2019-07-31,CLP,UYU,sell,0.049267
2019-07-31,CNY,UYU,buy,4.991934
2019-07-31,CNY,UYU,sell,4.991934
2019-07-31,COP,UYU,buy,0.010474
2019-07-31,COP,UYU,sell,0.010474
2019-07-31,DKK,UYU,buy,5.100904
2019-07-31,DKK,UYU,sell,5.100904
2019-07-31,EUR,UYU,buy,38.092433
2019-07-31,EUR,UYU,sell,38.092433
2019-07-31,GBP,UYU,buy,41.814255
2019-07-31,GBP,UYU,sell,41.814255
2019-07-31,HKD,UYU,buy,4.388458
2019-07-31,HKD,UYU,sell,4.388458
2019-07-31,HUF,UYU,buy,0.116793
2019-07-31,HUF,UYU,sell,0.116793
2019-07-31,INR,UYU,buy,0.499291
2019-07-31,INR,UYU,sell,0.499291
2019-07-31,ISK,UYU,buy,0.281973
2019-07-31,ISK,UYU,sell,0.281973
2019-07-31,JPY,UYU,buy,0.315906
2019-07-31,JPY,UYU,sell,0.315906
2019-07-31,KRW,UYU,buy,0.029036
2019-07-31,KRW,UYU,sell,0.029036
2019-07-31,MXN,UYU,buy,1.798029
2019-07-31,MXN,UYU,sell,1.798029
2019-07-31,MYR,UYU,buy,8.324246
2019-07-31,MYR,UYU,sell,8.324246
2019-07-31,NOK,UYU,buy,3.882826
2019-07-31,NOK,UYU,sell,3.882826
2019-07-31,NZD,UYU,buy,22.549058
2019-07-31,NZD,UYU,sell,22.549058
2019-07-31,PEN,UYU,buy,10.397748
2019-07-31,PEN,UYU,sell,10.397748
2019-07-31,PYG,UYU,buy,0.005726
2019-07-31,PYG,UYU,sell,0.005726
2019-07-31,RUB,UYU,buy,0.540543
2019-07-31,RUB,UYU,sell,0.540543
2019-07-31,SEK,UYU,buy,3.557576
2019-07-31,SEK,UYU,sell,3.557576
2019-07-31,TRY,UYU,buy,6.135627
2019-07-31,TRY,UYU,sell,6.135627
2019-07-31,USD,UYU,buy,34.35
2019-07-31,USD,UYU,sell,34.35
2019-07-31,VES,UYU,buy,0.003205
2019-07-31,VES,UYU,sell,0.003205
2019-07-31,XDR,UYU,buy,47.245677
2019-07-31,XDR,UYU,sell,47.245677
2019-07-31,ZAR,UYU,buy,2.396124
2019-07-31,ZAR,UYU,sell,2.396124
2019-08-01,ARS,UYU,buy,0.779903
2019-08-01,ARS,UYU,sell,0.779903
2019-08-01,AUD,UYU,buy,23.554006
2019-08-01,AUD,UYU,sell,23.554006
2019-08-01,BRL,UYU,buy,8.997048
2019-08-01,BRL,UYU,sell,8.997048
2019-08-01,CAD,UYU,buy,26.157801
2019-08-01,CAD,UYU,sell,26.157801
2019-08-01,CHF,UYU,buy,34.958569
2019-08-01,CHF,UYU,sell,34.958569
2019-08-01,CLP,UYU,buy,0.049047
2019-08-01,CLP,UYU,sell,0.049047
2019-08-01,CNY,UYU,buy,5.014786
2019-08-01,CNY,UYU,sell,5.014786
2019-08-01,COP,UYU,buy,0.010357
2019-08-01,COP,UYU,sell,0.010357
2019-08-01,DKK,UYU,buy,5.136905
2019-08-01,DKK,UYU,sell,5.136905
2019-08-01,EUR,UYU,buy,38.353747
2019-08-01,EUR,UYU,sell,38.353747
2019-08-01,GBP,UYU,buy,42.045033
2019-08-01,GBP,UYU,sell,42.045033
2019-08-01,HKD,UYU,buy,4.419477
2019-08-01,HKD,UYU,sell,4.419477
2019-08-01,HUF,UYU,buy,0.117216
2019-08-01,HUF,UYU,sell,0.117216
2019-08-01,INR,UYU,buy,0.500959
2019-08-01,INR,UYU,sell,0.500959
2019-08-01,ISK,UYU,buy,0.281375
2019-08-01,ISK,UYU,sell,0.281375
2019-08-01,JPY,UYU,buy,0.322399
2019-08-01,JPY,UYU,sell,0.322399
2019-08-01,KRW,UYU,buy,0.029107
2019-08-01,KRW,UYU,sell,0.029107
2019-08-01,MXN,UYU,buy,1.800566
2019-08-01,MXN,UYU,sell,1.800566
2019-08-01,MYR,UYU,buy,8.348718
2019-08-01,MYR,UYU,sell,8.348718
2019-08-01,NOK,UYU,buy,3.889526
2019-08-01,NOK,UYU,sell,3.889526
2019-08-01,NZD,UYU,buy,22.685671
2019-08-01,NZD,UYU,sell,22.685671
2019-08-01,PEN,UYU,buy,10.399038
2019-08-01,PEN,UYU,sell,10.399038
2019-08-01,PYG,UYU,buy,0.005713
2019-08-01,PYG,UYU,sell,0.005713
2019-08-01,RUB,UYU,buy,0.53796
2019-08-01,RUB,UYU,sell,0.53796
2019-08-01,SEK,UYU,buy,3.580466
2019-08-01,SEK,UYU,sell,3.580466
2019-08-01,TRY,UYU,buy,6.178341
2019-08-01,TRY,UYU,sell,6.178341
2019-08-01,USD,UYU,buy,34.595
2019-08-01,USD,UYU,sell,34.595
2019-08-01,VES,UYU,buy,0.003075
2019-08-01,VES,UYU,sell,0.003075
2019-08-01,XDR,UYU,buy,47.38235
2019-08-01,XDR,UYU,sell,47.38235
2019-08-01,ZAR,UYU,buy,2.365964
2019-08-01,ZAR,UYU,sell,2.365964
2019-08-02,ARS,UYU,buy,0.777935
2019-08-02,ARS,UYU,sell,0.777935
2019-08-02,AUD,UYU,buy,23.601375
2019-08-02,AUD,UYU,sell,23.601375
2019-08-02,BRL,UYU,buy,8.948887
2019-08-02,BRL,UYU,sell,8.948887
2019-08-02,CAD,UYU,buy,26.300208
2019-08-02,CAD,UYU,sell,26.300208
2019-08-02,CHF,UYU,buy,35.352908
2019-08-02,CHF,UYU,sell,35.352908
2019-08-02,CLP,UYU,buy,0.048705
2019-08-02,CLP,UYU,sell,0.048705
2019-08-02,CNY,UYU,buy,5.004827
2019-08-02,CNY,UYU,sell,5.004827
2019-08-02,COP,UYU,buy,0.01026
2019-08-02,COP,UYU,sell,0.01026
2019-08-02,DKK,UYU,buy,5.168202
2019-08-02,DKK,UYU,sell,5.168202
2019-08-02,EUR,UYU,buy,38.589959
2019-08-02,EUR,UYU,sell,38.589959
2019-08-02,GBP,UYU,buy,42.230292
2019-08-02,GBP,UYU,sell,42.230292
2019-08-02,HKD,UYU,buy,4.437886
2019-08-02,HKD,UYU,sell,4.437886
2019-08-02,HUF,UYU,buy,0.117819
2019-08-02,HUF,UYU,sell,0.117819
2019-08-02,INR,UYU,buy,0.499071
2019-08-02,INR,UYU,sell,0.499071
2019-08-02,ISK,UYU,buy,0.283143
2019-08-02,ISK,UYU,sell,0.283143
2019-08-02,JPY,UYU,buy,0.3259
2019-08-02,JPY,UYU,sell,0.3259
2019-08-02,KRW,UYU,buy,0.029005
2019-08-02,KRW,UYU,sell,0.029005
2019-08-02,MXN,UYU,buy,1.79799
2019-08-02,MXN,UYU,sell,1.79799
2019-08-02,MYR,UYU,buy,8.354016
2019-08-02,MYR,UYU,sell,8.354016
2019-08-02,NOK,UYU,buy,3.896201
2019-08-02,NOK,UYU,sell,3.896201
2019-08-02,NZD,UYU,buy,22.684345
2019-08-02,NZD,UYU,sell,22.684345
2019-08-02,PEN,UYU,buy,10.351188
2019-08-02,PEN,UYU,sell,10.351188
2019-08-02,PYG,UYU,buy,0.005763
2019-08-02,PYG,UYU,sell,0.005763
2019-08-02,RUB,UYU,buy,0.532938
2019-08-02,RUB,UYU,sell,0.532938
2019-08-02,SEK,UYU,buy,3.603077
2019-08-02,SEK,UYU,sell,3.603077
2019-08-02,TRY,UYU,buy,6.248774
2019-08-02,TRY,UYU,sell,6.248774
2019-08-02,USD,UYU,buy,34.736
2019-08-02,USD,UYU,sell,34.736
2019-08-02,VES,UYU,buy,0.00292
2019-08-02,VES,UYU,sell,0.00292
2019-08-02,XDR,UYU,buy,47.697391
2019-08-02,XDR,UYU,sell,47.697391
2019-08-02,ZAR,UYU,buy,2.352973
2019-08-02,ZAR,UYU,sell,2.352973
2019-08-05,ARS,UYU,buy,0.773052
2019-08-05,ARS,UYU,sell,0.773052
2019-08-05,AUD,UYU,buy,23.762344
2019-08-05,AUD,UYU,sell,23.762344
2019-08-05,BRL,UYU,buy,8.865259
2019-08-05,BRL,UYU,sell,8.865259
2019-08-05,CAD,UYU,buy,26.5827
2019-08-05,CAD,UYU,sell,26.5827
2019-08-05,CHF,UYU,buy,36.095732
2019-08-05,CHF,UYU,sell,36.095732
2019-08-05,CLP,UYU,buy,0.048762
2019-08-05,CLP,UYU,sell,0.048762
2019-08-05,CNY,UYU,buy,4.984044
2019-08-05,CNY,UYU,sell,4.984044
2019-08-05,COP,UYU,buy,0.010166
2019-08-05,COP,UYU,sell,0.010166
2019-08-05,DKK,UYU,buy,5.275318
2019-08-05,DKK,UYU,sell,5.275318
2019-08-05,EUR,UYU,buy,39.375491
2019-08-05,EUR,UYU,sell,39.375491
2019-08-05,GBP,UYU,buy,42.673473
2019-08-05,GBP,UYU,sell,42.673473
2019-08-05,HKD,UYU,buy,4.480327
2019-08-05,HKD,UYU,sell,4.480327
2019-08-05,HUF,UYU,buy,0.120552
2019-08-05,HUF,UYU,sell,0.120552
2019-08-05,INR,UYU,buy,0.496798
2019-08-05,INR,UYU,sell,0.496798
2019-08-05,ISK,UYU,buy,0.288834
2019-08-05,ISK,UYU,sell,0.288834
2019-08-05,JPY,UYU,buy,0.331488
2019-08-05,JPY,UYU,sell,0.331488
2019-08-05,KRW,UYU,buy,0.028915
2019-08-05,KRW,UYU,sell,0.028915
2019-08-05,MXN,UYU,buy,1.786655
2019-08-05,MXN,UYU,sell,1.786655
2019-08-05,MYR,UYU,buy,8.411969
2019-08-05,MYR,UYU,sell,8.411969
2019-08-05,NOK,UYU,buy,3.932498
2019-08-05,NOK,UYU,sell,3.932498
2019-08-05,NZD,UYU,buy,22.969915
2019-08-05,NZD,UYU,sell,22.969915
2019-08-05,PEN,UYU,buy,10.375565
2019-08-05,PEN,UYU,sell,10.375565
2019-08-05,PYG,UYU,buy,0.00582
2019-08-05,PYG,UYU,sell,0.00582
2019-08-05,RUB,UYU,buy,0.535823
2019-08-05,RUB,UYU,sell,0.535823
2019-08-05,SEK,UYU,buy,3.656541
2019-08-05,SEK,UYU,sell,3.656541
2019-08-05,TRY,UYU,buy,6.295696
2019-08-05,TRY,UYU,sell,6.295696
2019-08-05,USD,UYU,buy,35.141
2019-08-05,USD,UYU,sell,35.141
2019-08-05,VES,UYU,buy,0.002947
2019-08-05,VES,UYU,sell,0.002947
2019-08-05,XDR,UYU,buy,48.306224
2019-08-05,XDR,UYU,sell,48.306224
2019-08-05,ZAR,UYU,buy,2.349288
2019-08-05,ZAR,UYU,sell,2.349288
2019-08-06,ARS,UYU,buy,0.775552
2019-08-06,ARS,UYU,sell,0.775552
2019-08-06,AUD,UYU,buy,23.751261
2019-08-06,AUD,UYU,sell,23.751261
2019-08-06,BRL,UYU,buy,8.875085
2019-08-06,BRL,UYU,sell,8.875085
2019-08-06,CAD,UYU,buy,26.463878
2019-08-06,CAD,UYU,sell,26.463878
2019-08-06,CHF,UYU,buy,35.973594
2019-08-06,CHF,UYU,sell,35.973594
2019-08-06,CLP,UYU,buy,0.049089
2019-08-06,CLP,UYU,sell,0.049089
2019-08-06,CNY,UYU,buy,5.00698
2019-08-06,CNY,UYU,sell,5.00698
2019-08-06,COP,UYU,buy,0.010252
2019-08-06,COP,UYU,sell,0.010252
2019-08-06,DKK,UYU,buy,5.273756
2019-08-06,DKK,UYU,sell,5.273756
2019-08-06,EUR,UYU,buy,39.36576
2019-08-06,EUR,UYU,sell,39.36576
2019-08-06,GBP,UYU,buy,42.713607
2019-08-06,GBP,UYU,sell,42.713607
2019-08-06,HKD,UYU,buy,4.483821
2019-08-06,HKD,UYU,sell,4.483821
2019-08-06,HUF,UYU,buy,0.121181
2019-08-06,HUF,UYU,sell,0.121181
2019-08-06,INR,UYU,buy,0.496265
2019-08-06,INR,UYU,sell,0.496265
2019-08-06,ISK,UYU,buy,0.288394
2019-08-06,ISK,UYU,sell,0.288394
2019-08-06,JPY,UYU,buy,0.329858
2019-08-06,JPY,UYU,sell,0.329858
2019-08-06,KRW,UYU,buy,0.028922
2019-08-06,KRW,UYU,sell,0.028922
2019-08-06,MXN,UYU,buy,1.79646
2019-08-06,MXN,UYU,sell,1.79646
2019-08-06,MYR,UYU,buy,8.386543
2019-08-06,MYR,UYU,sell,8.386543
2019-08-06,NOK,UYU,buy,3.947417
2019-08-06,NOK,UYU,sell,3.947417
2019-08-06,NZD,UYU,buy,22.928798
2019-08-06,NZD,UYU,sell,22.928798
2019-08-06,PEN,UYU,buy,10.410675
2019-08-06,PEN,UYU,sell,10.410675
2019-08-06,PYG,UYU,buy,0.005774
2019-08-06,PYG,UYU,sell,0.005774
2019-08-06,RUB,UYU,buy,0.538445
2019-08-06,RUB,UYU,sell,0.538445
2019-08-06,SEK,UYU,buy,3.665068
2019-08-06,SEK,UYU,sell,3.665068
2019-08-06,TRY,UYU,buy,6.365143
2019-08-06,TRY,UYU,sell,6.365143
2019-08-06,USD,UYU,buy,35.148
2019-08-06,USD,UYU,sell,35.148
2019-08-06,VES,UYU,buy,0.002923
2019-08-06,VES,UYU,sell,0.002923
2019-08-06,XDR,UYU,buy,48.371732
2019-08-06,XDR,UYU,sell,48.371732
2019-08-06,ZAR,UYU,buy,2.352925
2019-08-06,ZAR,UYU,sell,2.352925
2019-08-07,ARS,UYU,buy,0.774523
2019-08-07,ARS,UYU,sell,0.774523
2019-08-07,AUD,UYU,buy,23.885891
2019-08-07,AUD,UYU,sell,23.885891
2019-08-07,BRL,UYU,buy,8.872438
2019-08-07,BRL,UYU,sell,8.872438
2019-08-07,CAD,UYU,buy,26.509689
2019-08-07,CAD,UYU,sell,26.509689
2019-08-07,CHF,UYU,buy,36.244609
2019-08-07,CHF,UYU,sell,36.244609
2019-08-07,CLP,UYU,buy,0.049299
2019-08-07,CLP,UYU,sell,0.049299
2019-08-07,CNY,UYU,buy,4.99915
2019-08-07,CNY,UYU,sell,4.99915
2019-08-07,COP,UYU,buy,0.010238
2019-08-07,COP,UYU,sell,0.010238
2019-08-07,DKK,UYU,buy,5.303531
2019-08-07,DKK,UYU,sell,5.303531
2019-08-07,EUR,UYU,buy,39.574519
2019-08-07,EUR,UYU,sell,39.574519
2019-08-07,GBP,UYU,buy,42.864013
2019-08-07,GBP,UYU,sell,42.864013
2019-08-07,HKD,UYU,buy,4.500823
2019-08-07,HKD,UYU,sell,4.500823
2019-08-07,HUF,UYU,buy,0.121474
2019-08-07,HUF,UYU,sell,0.121474
2019-08-07,INR,UYU,buy,0.497893
2019-08-07,INR,UYU,sell,0.497893
2019-08-07,ISK,UYU,buy,0.28824
2019-08-07,ISK,UYU,sell,0.28824
2019-08-07,JPY,UYU,buy,0.33258
2019-08-07,JPY,UYU,sell,0.33258
2019-08-07,KRW,UYU,buy,0.029057
2019-08-07,KRW,UYU,sell,0.029057
2019-08-07,MXN,UYU,buy,1.795827
2019-08-07,MXN,UYU,sell,1.795827
2019-08-07,MYR,UYU,buy,8.425639
2019-08-07,MYR,UYU,sell,8.425639
2019-08-07,NOK,UYU,buy,3.938998
2019-08-07,NOK,UYU,sell,3.938998
2019-08-07,NZD,UYU,buy,22.805864
2019-08-07,NZD,UYU,sell,22.805864
2019-08-07,PEN,UYU,buy,10.416113
2019-08-07,PEN,UYU,sell,10.416113
2019-08-07,PYG,UYU,buy,0.005774
2019-08-07,PYG,UYU,sell,0.005774
2019-08-07,RUB,UYU,buy,0.539167
2019-08-07,RUB,UYU,sell,0.539167
2019-08-07,SEK,UYU,buy,3.665014
2019-08-07,SEK,UYU,sell,3.665014
2019-08-07,TRY,UYU,buy,6.436817
2019-08-07,TRY,UYU,sell,6.436817
2019-08-07,USD,UYU,buy,35.295
2019-08-07,USD,UYU,sell,35.295
2019-08-07,VES,UYU,buy,0.002814
2019-08-07,VES,UYU,sell,0.002814
2019-08-07,XDR,UYU,buy,48.533449
2019-08-07,XDR,UYU,sell,48.533449
2019-08-07,ZAR,UYU,buy,2.344793
2019-08-07,ZAR,UYU,sell,2.344793
2019-08-08,ARS,UYU,buy,0.779779
2019-08-08,ARS,UYU,sell,0.779779
2019-08-08,AUD,UYU,buy,24.008567
2019-08-08,AUD,UYU,sell,24.008567
2019-08-08,BRL,UYU,buy,8.995116
2019-08-08,BRL,UYU,sell,8.995116
2019-08-08,CAD,UYU,buy,26.650297
2019-08-08,CAD,UYU,sell,26.650297
2019-08-08,CHF,UYU,buy,36.183003
2019-08-08,CHF,UYU,sell,36.183003
2019-08-08,CLP,UYU,buy,0.049735
2019-08-08,CLP,UYU,sell,0.049735
2019-08-08,CNY,UYU,buy,5.006742
2019-08-08,CNY,UYU,sell,5.006742
2019-08-08,COP,UYU,buy,0.01047
2019-08-08,COP,UYU,sell,0.01047
2019-08-08,DKK,UYU,buy,5.288742
2019-08-08,DKK,UYU,sell,5.288742
2019-08-08,EUR,UYU,buy,39.468723
2019-08-08,EUR,UYU,sell,39.468723
2019-08-08,GBP,UYU,buy,42.809076
2019-08-08,GBP,UYU,sell,42.809076
2019-08-08,HKD,UYU,buy,4.499394
2019-08-08,HKD,UYU,sell,4.499394
2019-08-08,HUF,UYU,buy,0.121719
2019-08-08,HUF,UYU,sell,0.121719
2019-08-08,INR,UYU,buy,0.498946
2019-08-08,INR,UYU,sell,0.498946
2019-08-08,ISK,UYU,buy,0.287474
2019-08-08,ISK,UYU,sell,0.287474
2019-08-08,JPY,UYU,buy,0.332953
2019-08-08,JPY,UYU,sell,0.332953
2019-08-08,KRW,UYU,buy,0.029177
2019-08-08,KRW,UYU,sell,0.029177
2019-08-08,MXN,UYU,buy,1.812674
2019-08-08,MXN,UYU,sell,1.812674
2019-08-08,MYR,UYU,buy,8.427428
2019-08-08,MYR,UYU,sell,8.427428
2019-08-08,NOK,UYU,buy,3.953242
2019-08-08,NOK,UYU,sell,3.953242
2019-08-08,NZD,UYU,buy,22.867486
2019-08-08,NZD,UYU,sell,22.867486
2019-08-08,PEN,UYU,buy,10.454047
2019-08-08,PEN,UYU,sell,10.454047
2019-08-08,PYG,UYU,buy,0.005785
2019-08-08,PYG,UYU,sell,0.005785
2019-08-08,RUB,UYU,buy,0.542117
2019-08-08,RUB,UYU,sell,0.542117
2019-08-08,SEK,UYU,buy,3.67981
2019-08-08,SEK,UYU,sell,3.67981
2019-08-08,TRY,UYU,buy,6.45228
2019-08-08,TRY,UYU,sell,6.45228
2019-08-08,USD,UYU,buy,35.273
2019-08-08,USD,UYU,sell,35.273
2019-08-08,VES,UYU,buy,0.002757
2019-08-08,VES,UYU,sell,0.002757
2019-08-08,XDR,UYU,buy,48.537412
2019-08-08,XDR,UYU,sell,48.537412
2019-08-08,ZAR,UYU,buy,2.348942
2019-08-08,ZAR,UYU,sell,2.348942
2019-08-09,ARS,UYU,buy,0.77999
2019-08-09,ARS,UYU,sell,0.77999
2019-08-09,AUD,UYU,buy,24.005645
2019-08-09,AUD,UYU,sell,24.005645
2019-08-09,BRL,UYU,buy,8.966235
2019-08-09,BRL,UYU,sell,8.966235
2019-08-09,CAD,UYU,buy,26.760553
2019-08-09,CAD,UYU,sell,26.760553
2019-08-09,CHF,UYU,buy,36.35279
2019-08-09,CHF,UYU,sell,36.35279
2019-08-09,CLP,UYU,buy,0.049676
2019-08-09,CLP,UYU,sell,0.049676
2019-08-09,CNY,UYU,buy,5.004602
2019-08-09,CNY,UYU,sell,5.004602
2019-08-09,COP,UYU,buy,0.010409
2019-08-09,COP,UYU,sell,0.010409
2019-08-09,DKK,UYU,buy,5.307066
2019-08-09,DKK,UYU,sell,5.307066
2019-08-09,EUR,UYU,buy,39.606486
2019-08-09,EUR,UYU,sell,39.606486
2019-08-09,GBP,UYU,buy,42.60189
2019-08-09,GBP,UYU,sell,42.60189
2019-08-09,HKD,UYU,buy,4.507071
2019-08-09,HKD,UYU,sell,4.507071
2019-08-09,HUF,UYU,buy,0.122082
2019-08-09,HUF,UYU,sell,0.122082
2019-08-09,INR,UYU,buy,0.499262
2019-08-09,INR,UYU,sell,0.499262
2019-08-09,ISK,UYU,buy,0.288052
2019-08-09,ISK,UYU,sell,0.288052
2019-08-09,JPY,UYU,buy,0.334745
2019-08-09,JPY,UYU,sell,0.334745
2019-08-09,KRW,UYU,buy,0.029208
2019-08-09,KRW,UYU,sell,0.029208
2019-08-09,MXN,UYU,buy,1.820307
2019-08-09,MXN,UYU,sell,1.820307
2019-08-09,MYR,UYU,buy,8.447419
2019-08-09,MYR,UYU,sell,8.447419
2019-08-09,NOK,UYU,buy,3.984016
2019-08-09,NOK,UYU,sell,3.984016
2019-08-09,NZD,UYU,buy,22.848129
2019-08-09,NZD,UYU,sell,22.848129
2019-08-09,PEN,UYU,buy,10.456031
2019-08-09,PEN,UYU,sell,10.456031
2019-08-09,PYG,UYU,buy,0.005829
2019-08-09,PYG,UYU,sell,0.005829
2019-08-09,RUB,UYU,buy,0.540047
2019-08-09,RUB,UYU,sell,0.540047
2019-08-09,SEK,UYU,buy,3.703172
2019-08-09,SEK,UYU,sell,3.703172
2019-08-09,TRY,UYU,buy,6.43279
2019-08-09,TRY,UYU,sell,6.43279
2019-08-09,USD,UYU,buy,35.344
2019-08-09,USD,UYU,sell,35.344
2019-08-09,VES,UYU,buy,0.002721
2019-08-09,VES,UYU,sell,0.002721
2019-08-09,XDR,UYU,buy,48.625568
2019-08-09,XDR,UYU,sell,48.625568
2019-08-09,ZAR,UYU,buy,2.318772
2019-08-09,ZAR,UYU,sell,2.318772
2019-08-12,ARS,UYU,buy,0.677377
2019-08-12,ARS,UYU,sell,0.677377
2019-08-12,AUD,UYU,buy,24.24574
2019-08-12,AUD,UYU,sell,24.24574
2019-08-12,BRL,UYU,buy,9.021145
2019-08-12,BRL,UYU,sell,9.021145
2019-08-12,CAD,UYU,buy,27.106346
2019-08-12,CAD,UYU,sell,27.106346
2019-08-12,CHF,UYU,buy,37.032338
2019-08-12,CHF,UYU,sell,37.032338
2019-08-12,CLP,UYU,buy,0.050279
2019-08-12,CLP,UYU,sell,0.050279
2019-08-12,CNY,UYU,buy,5.086496
2019-08-12,CNY,UYU,sell,5.086496
2019-08-12,COP,UYU,buy,0.010477
2019-08-12,COP,UYU,sell,0.010477
2019-08-12,DKK,UYU,buy,5.394226
2019-08-12,DKK,UYU,sell,5.394226
2019-08-12,EUR,UYU,buy,40.261176
2019-08-12,EUR,UYU,sell,40.261176
2019-08-12,GBP,UYU,buy,43.348662
2019-08-12,GBP,UYU,sell,43.348662
2019-08-12,HKD,UYU,buy,4.57527
2019-08-12,HKD,UYU,sell,4.57527
2019-08-12,HUF,UYU,buy,0.124135
2019-08-12,HUF,UYU,sell,0.124135
2019-08-12,INR,UYU,buy,0.50713
2019-08-12,INR,UYU,sell,0.50713
2019-08-12,ISK,UYU,buy,0.292818
2019-08-12,ISK,UYU,sell,0.292818
2019-08-12,JPY,UYU,buy,0.340843
2019-08-12,JPY,UYU,sell,0.340843
2019-08-12,KRW,UYU,buy,0.029522
2019-08-12,KRW,UYU,sell,0.029522
2019-08-12,MXN,UYU,buy,1.834318
2019-08-12,MXN,UYU,sell,1.834318
2019-08-12,MYR,UYU,buy,8.580545
2019-08-12,MYR,UYU,sell,8.580545
2019-08-12,NOK,UYU,buy,4.025362
2019-08-12,NOK,UYU,sell,4.025362
2019-08-12,NZD,UYU,buy,23.14358
2019-08-12,NZD,UYU,sell,23.14358
2019-08-12,PEN,UYU,buy,10.614375
2019-08-12,PEN,UYU,sell,10.614375
2019-08-12,PYG,UYU,buy,0.005895
2019-08-12,PYG,UYU,sell,0.005895
2019-08-12,RUB,UYU,buy,0.548224
2019-08-12,RUB,UYU,sell,0.548224
2019-08-12,SEK,UYU,buy,3.753489
2019-08-12,SEK,UYU,sell,3.753489
2019-08-12,TRY,UYU,buy,6.458466
2019-08-12,TRY,UYU,sell,6.458466
2019-08-12,USD,UYU,buy,35.901
2019-08-12,USD,UYU,sell,35.901
2019-08-12,VES,UYU,buy,0.002718
2019-08-12,VES,UYU,sell,0.002718
2019-08-12,XDR,UYU,buy,49.394032
2019-08-12,XDR,UYU,sell,49.394032
2019-08-12,ZAR,UYU,buy,2.345022
2019-08-12,ZAR,UYU,sell,2.345022
2019-08-13,ARS,UYU,buy,0.644694
2019-08-13,ARS,UYU,sell,0.644694
2019-08-13,AUD,UYU,buy,24.371925
2019-08-13,AUD,UYU,sell,24.371925
2019-08-13,BRL,UYU,buy,9.06136
2019-08-13,BRL,UYU,sell,9.06136
2019-08-13,CAD,UYU,buy,27.134052
2019-08-13,CAD,UYU,sell,27.134052
2019-08-13,CHF,UYU,buy,36.758363
2019-08-13,CHF,UYU,sell,36.758363
2019-08-13,CLP,UYU,buy,0.05089
2019-08-13,CLP,UYU,sell,0.05089
2019-08-13,CNY,UYU,buy,5.093919
2019-08-13,CNY,UYU,sell,5.093919
2019-08-13,COP,UYU,buy,0.010514
2019-08-13,COP,UYU,sell,0.010514
2019-08-13,DKK,UYU,buy,5.371642
2019-08-13,DKK,UYU,sell,5.371642
2019-08-13,EUR,UYU,buy,40.090077
2019-08-13,EUR,UYU,sell,40.090077
2019-08-13,GBP,UYU,buy,43.249135
2019-08-13,GBP,UYU,sell,43.249135
2019-08-13,HKD,UYU,buy,4.572193
2019-08-13,HKD,UYU,sell,4.572193
2019-08-13,HUF,UYU,buy,0.123882
2019-08-13,HUF,UYU,sell,0.123882
2019-08-13,INR,UYU,buy,0.502511
2019-08-13,INR,UYU,sell,0.502511
2019-08-13,ISK,UYU,buy,0.288617
2019-08-13,ISK,UYU,sell,0.288617
2019-08-13,JPY,UYU,buy,0.336362
2019-08-13,JPY,UYU,sell,0.336362
2019-08-13,KRW,UYU,buy,0.02936
2019-08-13,KRW,UYU,sell,0.02936
2019-08-13,MXN,UYU,buy,1.850173
2019-08-13,MXN,UYU,sell,1.850173
2019-08-13,MYR,UYU,buy,8.550524
2019-08-13,MYR,UYU,sell,8.550524
2019-08-13,NOK,UYU,buy,4.043412
2019-08-13,NOK,UYU,sell,4.043412
2019-08-13,NZD,UYU,buy,23.139516
2019-08-13,NZD,UYU,sell,23.139516
2019-08-13,PEN,UYU,buy,10.602089
2019-08-13,PEN,UYU,sell,10.602089
2019-08-13,PYG,UYU,buy,0.005881
2019-08-13,PYG,UYU,sell,0.005881
2019-08-13,RUB,UYU,buy,0.552506
2019-08-13,RUB,UYU,sell,0.552506
2019-08-13,SEK,UYU,buy,3.759476
2019-08-13,SEK,UYU,sell,3.759476
2019-08-13,TRY,UYU,buy,6.448702
2019-08-13,TRY,UYU,sell,6.448702
2019-08-13,USD,UYU,buy,35.878
2019-08-13,USD,UYU,sell,35.878
2019-08-13,VES,UYU,buy,0.002716
2019-08-13,VES,UYU,sell,0.002716
2019-08-13,XDR,UYU,buy,49.392884
2019-08-13,XDR,UYU,sell,49.392884
2019-08-13,ZAR,UYU,buy,2.371401
2019-08-13,ZAR,UYU,sell,2.371401
2019-08-14,ARS,UYU,buy,0.601748
2019-08-14,ARS,UYU,sell,0.601748
2019-08-14,AUD,UYU,buy,24.392213
2019-08-14,AUD,UYU,sell,24.392213
2019-08-14,BRL,UYU,buy,8.956111
2019-08-14,BRL,UYU,sell,8.956111
2019-08-14,CAD,UYU,buy,27.150851
2019-08-14,CAD,UYU,sell,27.150851
2019-08-14,CHF,UYU,buy,37.109275
2019-08-14,CHF,UYU,sell,37.109275
2019-08-14,CLP,UYU,buy,0.05082
2019-08-14,CLP,UYU,sell,0.05082
2019-08-14,CNY,UYU,buy,5.146347
2019-08-14,CNY,UYU,sell,5.146347
2019-08-14,COP,UYU,buy,0.01045
2019-08-14,COP,UYU,sell,0.01045
2019-08-14,DKK,UYU,buy,5.39665
2019-08-14,DKK,UYU,sell,5.39665
2019-08-14,EUR,UYU,buy,40.254833
2019-08-14,EUR,UYU,sell,40.254833
2019-08-14,GBP,UYU,buy,43.587863
2019-08-14,GBP,UYU,sell,43.587863
2019-08-14,HKD,UYU,buy,4.607708
2019-08-14,HKD,UYU,sell,4.607708
2019-08-14,HUF,UYU,buy,0.123605
2019-08-14,HUF,UYU,sell,0.123605
2019-08-14,INR,UYU,buy,0.507173
2019-08-14,INR,UYU,sell,0.507173
2019-08-14,ISK,UYU,buy,0.291932
2019-08-14,ISK,UYU,sell,0.291932
2019-08-14,JPY,UYU,buy,0.341022
2019-08-14,JPY,UYU,sell,0.341022
2019-08-14,KRW,UYU,buy,0.029813
2019-08-14,KRW,UYU,sell,0.029813
2019-08-14,MXN,UYU,buy,1.836344
2019-08-14,MXN,UYU,sell,1.836344
2019-08-14,MYR,UYU,buy,8.629745
2019-08-14,MYR,UYU,sell,8.629745
2019-08-14,NOK,UYU,buy,4.028147
2019-08-14,NOK,UYU,sell,4.028147
2019-08-14,NZD,UYU,buy,23.253488
2019-08-14,NZD,UYU,sell,23.253488
2019-08-14,PEN,UYU,buy,10.640333
2019-08-14,PEN,UYU,sell,10.640333
2019-08-14,PYG,UYU,buy,0.005926
2019-08-14,PYG,UYU,sell,0.005926
2019-08-14,RUB,UYU,buy,0.547469
2019-08-14,RUB,UYU,sell,0.547469
2019-08-14,SEK,UYU,buy,3.753855
2019-08-14,SEK,UYU,sell,3.753855
2019-08-14,TRY,UYU,buy,6.436221
2019-08-14,TRY,UYU,sell,6.436221
2019-08-14,USD,UYU,buy,36.15
2019-08-14,USD,UYU,sell,36.15
2019-08-14,VES,UYU,buy,0.00263
2019-08-14,VES,UYU,sell,0.00263
2019-08-14,XDR,UYU,buy,49.725048
2019-08-14,XDR,UYU,sell,49.725048
2019-08-14,ZAR,UYU,buy,2.348058
2019-08-14,ZAR,UYU,sell,2.348058
2019-08-15,ARS,UYU,buy,0.632279
2019-08-15,ARS,UYU,sell,0.632279
2019-08-15,AUD,UYU,buy,24.536814
2019-08-15,AUD,UYU,sell,24.536814
2019-08-15,BRL,UYU,buy,9.090179
2019-08-15,BRL,UYU,sell,9.090179
2019-08-15,CAD,UYU,buy,27.176696
2019-08-15,CAD,UYU,sell,27.176696
2019-08-15,CHF,UYU,buy,37.05205
2019-08-15,CHF,UYU,sell,37.05205
2019-08-15,CLP,UYU,buy,0.050933
2019-08-15,CLP,UYU,sell,0.050933
2019-08-15,CNY,UYU,buy,5.146147
2019-08-15,CNY,UYU,sell,5.146147
2019-08-15,COP,UYU,buy,0.010426
2019-08-15,COP,UYU,sell,0.010426
2019-08-15,DKK,UYU,buy,5.390457
2019-08-15,DKK,UYU,sell,5.390457
2019-08-15,EUR,UYU,buy,40.206929
2019-08-15,EUR,UYU,sell,40.206929
2019-08-15,GBP,UYU,buy,43.841208
2019-08-15,GBP,UYU,sell,43.841208
2019-08-15,HKD,UYU,buy,4.616326
2019-08-15,HKD,UYU,sell,4.616326
2019-08-15,HUF,UYU,buy,0.123429
2019-08-15,HUF,UYU,sell,0.123429
2019-08-15,INR,UYU,buy,0.507846
2019-08-15,INR,UYU,sell,0.507846
2019-08-15,ISK,UYU,buy,0.292002
2019-08-15,ISK,UYU,sell,0.292002
2019-08-15,JPY,UYU,buy,0.34112
2019-08-15,JPY,UYU,sell,0.34112
2019-08-15,KRW,UYU,buy,0.029796
2019-08-15,KRW,UYU,sell,0.029796
2019-08-15,MXN,UYU,buy,1.845975
2019-08-15,MXN,UYU,sell,1.845975
2019-08-15,MYR,UYU,buy,8.629872
2019-08-15,MYR,UYU,sell,8.629872
2019-08-15,NOK,UYU,buy,4.009304
2019-08-15,NOK,UYU,sell,4.009304
2019-08-15,NZD,UYU,buy,23.331421
2019-08-15,NZD,UYU,sell,23.331421
2019-08-15,PEN,UYU,buy,10.670165
2019-08-15,PEN,UYU,sell,10.670165
2019-08-15,PYG,UYU,buy,0.005934
2019-08-15,PYG,UYU,sell,0.005934
2019-08-15,RUB,UYU,buy,0.547677
2019-08-15,RUB,UYU,sell,0.547677
2019-08-15,SEK,UYU,buy,3.753889
2019-08-15,SEK,UYU,sell,3.753889
2019-08-15,TRY,UYU,buy,6.500961
2019-08-15,TRY,UYU,sell,6.500961
2019-08-15,USD,UYU,buy,36.198
2019-08-15,USD,UYU,sell,36.198
2019-08-15,VES,UYU,buy,0.002603
2019-08-15,VES,UYU,sell,0.002603
2019-08-15,XDR,UYU,buy,49.750169
2019-08-15,XDR,UYU,sell,49.750169
2019-08-15,ZAR,UYU,buy,2.369173
2019-08-15,ZAR,UYU,sell,2.369173
2019-08-16,ARS,UYU,buy,0.660566
2019-08-16,ARS,UYU,sell,0.660566
2019-08-16,AUD,UYU,buy,24.553782
2019-08-16,AUD,UYU,sell,24.553782
2019-08-16,BRL,UYU,buy,9.058582
2019-08-16,BRL,UYU,sell,9.058582
2019-08-16,CAD,UYU,buy,27.286021
2019-08-16,CAD,UYU,sell,27.286021
2019-08-16,CHF,UYU,buy,37.003833
2019-08-16,CHF,UYU,sell,37.003833
2019-08-16,CLP,UYU,buy,0.051087
2019-08-16,CLP,UYU,sell,0.051087
2019-08-16,CNY,UYU,buy,5.139859
2019-08-16,CNY,UYU,sell,5.139859
2019-08-16,COP,UYU,buy,0.010555
2019-08-16,COP,UYU,sell,0.010555
2019-08-16,DKK,UYU,buy,5.385233
2019-08-16,DKK,UYU,sell,5.385233
2019-08-16,EUR,UYU,buy,40.160981
2019-08-16,EUR,UYU,sell,40.160981
2019-08-16,GBP,UYU,buy,43.976355
2019-08-16,GBP,UYU,sell,43.976355
2019-08-16,HKD,UYU,buy,4.614747
2019-08-16,HKD,UYU,sell,4.614747
2019-08-16,HUF,UYU,buy,0.123715
2019-08-16,HUF,UYU,sell,0.123715
2019-08-16,INR,UYU,buy,0.508734
2019-08-16,INR,UYU,sell,0.508734
2019-08-16,ISK,UYU,buy,0.292069
2019-08-16,ISK,UYU,sell,0.292069
2019-08-16,JPY,UYU,buy,0.340648
2019-08-16,JPY,UYU,sell,0.340648
2019-08-16,KRW,UYU,buy,0.029883
2019-08-16,KRW,UYU,sell,0.029883
2019-08-16,MXN,UYU,buy,1.843178
2019-08-16,MXN,UYU,sell,1.843178
2019-08-16,MYR,UYU,buy,8.663675
2019-08-16,MYR,UYU,sell,8.663675
2019-08-16,NOK,UYU,buy,4.023251
2019-08-16,NOK,UYU,sell,4.023251
2019-08-16,NZD,UYU,buy,23.270527
2019-08-16,NZD,UYU,sell,23.270527
2019-08-16,PEN,UYU,buy,10.712616
2019-08-16,PEN,UYU,sell,10.712616
2019-08-16,PYG,UYU,buy,0.005916
2019-08-16,PYG,UYU,sell,0.005916
2019-08-16,RUB,UYU,buy,0.544419
2019-08-16,RUB,UYU,sell,0.544419
2019-08-16,SEK,UYU,buy,3.749871
2019-08-16,SEK,UYU,sell,3.749871
2019-08-16,TRY,UYU,buy,6.48408
2019-08-16,TRY,UYU,sell,6.48408
2019-08-16,USD,UYU,buy,36.199
2019-08-16,USD,UYU,sell,36.199
2019-08-16,VES,UYU,buy,0.002576
2019-08-16,VES,UYU,sell,0.002576
2019-08-16,XDR,UYU,buy,49.652358
2019-08-16,XDR,UYU,sell,49.652358
2019-08-16,ZAR,UYU,buy,2.365801
2019-08-16,ZAR,UYU,sell,2.365801
2019-08-19,ARS,UYU,buy,0.663193
2019-08-19,ARS,UYU,sell,0.663193
2019-08-19,AUD,UYU,buy,24.589674
2019-08-19,AUD,UYU,sell,24.589674
2019-08-19,BRL,UYU,buy,8.945529
2019-08-19,BRL,UYU,sell,8.945529
2019-08-19,CAD,UYU,buy,27.267134
2019-08-19,CAD,UYU,sell,27.267134
2019-08-19,CHF,UYU,buy,37.041227
2019-08-19,CHF,UYU,sell,37.041227
2019-08-19,CLP,UYU,buy,0.050964
2019-08-19,CLP,UYU,sell,0.050964
2019-08-19,CNY,UYU,buy,5.154524
2019-08-19,CNY,UYU,sell,5.154524
2019-08-19,COP,UYU,buy,0.010574
2019-08-19,COP,UYU,sell,0.010574
2019-08-19,DKK,UYU,buy,5.401232
2019-08-19,DKK,UYU,sell,5.401232
2019-08-19,EUR,UYU,buy,40.27713
2019-08-19,EUR,UYU,sell,40.27713
2019-08-19,GBP,UYU,buy,44.100413
2019-08-19,GBP,UYU,sell,44.100413
2019-08-19,HKD,UYU,buy,4.631894
2019-08-19,HKD,UYU,sell,4.631894
2019-08-19,HUF,UYU,buy,0.123376
2019-08-19,HUF,UYU,sell,0.123376
2019-08-19,INR,UYU,buy,0.508774
2019-08-19,INR,UYU,sell,0.508774
2019-08-19,ISK,UYU,buy,0.291654
2019-08-19,ISK,UYU,sell,0.291654
2019-08-19,JPY,UYU,buy,0.340817
2019-08-19,JPY,UYU,sell,0.340817
2019-08-19,KRW,UYU,buy,0.030009
2019-08-19,KRW,UYU,sell,0.030009
2019-08-19,MXN,UYU,buy,1.833958
2019-08-19,MXN,UYU,sell,1.833958
2019-08-19,MYR,UYU,buy,8.697619
2019-08-19,MYR,UYU,sell,8.697619
2019-08-19,NOK,UYU,buy,4.049134
2019-08-19,NOK,UYU,sell,4.049134
2019-08-19,NZD,UYU,buy,23.290412
2019-08-19,NZD,UYU,sell,23.290412
2019-08-19,PEN,UYU,buy,10.731729
2019-08-19,PEN,UYU,sell,10.731729
2019-08-19,PYG,UYU,buy,0.005926
2019-08-19,PYG,UYU,sell,0.005926
2019-08-19,RUB,UYU,buy,0.543425
2019-08-19,RUB,UYU,sell,0.543425
2019-08-19,SEK,UYU,buy,3.75386
2019-08-19,SEK,UYU,sell,3.75386
2019-08-19,TRY,UYU,buy,6.421025
2019-08-19,TRY,UYU,sell,6.421025
2019-08-19,USD,UYU,buy,36.343
2019-08-19,USD,UYU,sell,36.343
2019-08-19,VES,UYU,buy,0.002586
2019-08-19,VES,UYU,sell,0.002586
2019-08-19,XDR,UYU,buy,49.868047
2019-08-19,XDR,UYU,sell,49.868047
2019-08-19,ZAR,UYU,buy,2.352206
2019-08-19,ZAR,UYU,sell,2.352206
2019-08-20,ARS,UYU,buy,0.66888
2019-08-20,ARS,UYU,sell,0.66888
2019-08-20,AUD,UYU,buy,24.812699
2019-08-20,AUD,UYU,sell,24.812699
2019-08-20,BRL,UYU,buy,9.060083
2019-08-20,BRL,UYU,sell,9.060083
2019-08-20,CAD,UYU,buy,27.494648
2019-08-20,CAD,UYU,sell,27.494648
2019-08-20,CHF,UYU,buy,37.426512
2019-08-20,CHF,UYU,sell,37.426512
2019-08-20,CLP,UYU,buy,0.051509
2019-08-20,CLP,UYU,sell,0.051509
2019-08-20,CNY,UYU,buy,5.184477
2019-08-20,CNY,UYU,sell,5.184477
2019-08-20,COP,UYU,buy,0.010738
2019-08-20,COP,UYU,sell,0.010738
2019-08-20,DKK,UYU,buy,5.449362
2019-08-20,DKK,UYU,sell,5.449362
2019-08-20,EUR,UYU,buy,40.63155
2019-08-20,EUR,UYU,sell,40.63155
2019-08-20,GBP,UYU,buy,44.535473
2019-08-20,GBP,UYU,sell,44.535473
2019-08-20,HKD,UYU,buy,4.667576
2019-08-20,HKD,UYU,sell,4.667576
2019-08-20,HUF,UYU,buy,0.124038
2019-08-20,HUF,UYU,sell,0.124038
2019-08-20,INR,UYU,buy,0.510441
2019-08-20,INR,UYU,sell,0.510441
2019-08-20,ISK,UYU,buy,0.294252
2019-08-20,ISK,UYU,sell,0.294252
2019-08-20,JPY,UYU,buy,0.344437
2019-08-20,JPY,UYU,sell,0.344437
2019-08-20,KRW,UYU,buy,0.030302
2019-08-20,KRW,UYU,sell,0.030302
2019-08-20,MXN,UYU,buy,1.854582
2019-08-20,MXN,UYU,sell,1.854582
2019-08-20,MYR,UYU,buy,8.749328
2019-08-20,MYR,UYU,sell,8.749328
2019-08-20,NOK,UYU,buy,4.072607
2019-08-20,NOK,UYU,sell,4.072607
2019-08-20,NZD,UYU,buy,23.49858
2019-08-20,NZD,UYU,sell,23.49858
2019-08-20,PEN,UYU,buy,10.820438
2019-08-20,PEN,UYU,sell,10.820438
2019-08-20,PYG,UYU,buy,0.00595
2019-08-20,PYG,UYU,sell,0.00595
2019-08-20,RUB,UYU,buy,0.550806
2019-08-20,RUB,UYU,sell,0.550806
2019-08-20,SEK,UYU,buy,3.77743
2019-08-20,SEK,UYU,sell,3.77743
2019-08-20,TRY,UYU,buy,6.392323
2019-08-20,TRY,UYU,sell,6.392323
2019-08-20,USD,UYU,buy,36.605
2019-08-20,USD,UYU,sell,36.605
2019-08-20,VES,UYU,buy,0.002531
2019-08-20,VES,UYU,sell,0.002531
2019-08-20,XDR,UYU,buy,50.171545
2019-08-20,XDR,UYU,sell,50.171545
2019-08-20,ZAR,UYU,buy,2.385538
2019-08-20,ZAR,UYU,sell,2.385538
2019-08-21,ARS,UYU,buy,0.663643
2019-08-21,ARS,UYU,sell,0.663643
2019-08-21,AUD,UYU,buy,24.757482
2019-08-21,AUD,UYU,sell,24.757482
2019-08-21,BRL,UYU,buy,9.065554
2019-08-21,BRL,UYU,sell,9.065554
2019-08-21,CAD,UYU,buy,27.458532
2019-08-21,CAD,UYU,sell,27.458532
2019-08-21,CHF,UYU,buy,37.154054
2019-08-21,CHF,UYU,sell,37.154054
2019-08-21,CLP,UYU,buy,0.051343
2019-08-21,CLP,UYU,sell,0.051343
2019-08-21,CNY,UYU,buy,5.168498
2019-08-21,CNY,UYU,sell,5.168498
2019-08-21,COP,UYU,buy,0.010809
2019-08-21,COP,UYU,sell,0.010809
2019-08-21,DKK,UYU,buy,5.426596
2019-08-21,DKK,UYU,sell,5.426596
2019-08-21,EUR,UYU,buy,40.458817
2019-08-21,EUR,UYU,sell,40.458817
2019-08-21,GBP,UYU,buy,44.2532
2019-08-21,GBP,UYU,sell,44.2532
2019-08-21,HKD,UYU,buy,4.653997
2019-08-21,HKD,UYU,sell,4.653997
2019-08-21,HUF,UYU,buy,0.12357
2019-08-21,HUF,UYU,sell,0.12357
2019-08-21,INR,UYU,buy,0.510143
2019-08-21,INR,UYU,sell,0.510143
2019-08-21,ISK,UYU,buy,0.292554
2019-08-21,ISK,UYU,sell,0.292554
2019-08-21,JPY,UYU,buy,0.342452
2019-08-21,JPY,UYU,sell,0.342452
2019-08-21,KRW,UYU,buy,0.030359
2019-08-21,KRW,UYU,sell,0.030359
2019-08-21,MXN,UYU,buy,1.853759
2019-08-21,MXN,UYU,sell,1.853759
2019-08-21,MYR,UYU,buy,8.738285
2019-08-21,MYR,UYU,sell,8.738285
2019-08-21,NOK,UYU,buy,4.077251
2019-08-21,NOK,UYU,sell,4.077251
2019-08-21,NZD,UYU,buy,23.352155
2019-08-21,NZD,UYU,sell,23.352155
2019-08-21,PEN,UYU,buy,10.810443
2019-08-21,PEN,UYU,sell,10.810443
2019-08-21,PYG,UYU,buy,0.005931
2019-08-21,PYG,UYU,sell,0.005931
2019-08-21,RUB,UYU,buy,0.55438
2019-08-21,RUB,UYU,sell,0.55438
2019-08-21,SEK,UYU,buy,3.789974
2019-08-21,SEK,UYU,sell,3.789974
2019-08-21,TRY,UYU,buy,6.38119
2019-08-21,TRY,UYU,sell,6.38119
2019-08-21,USD,UYU,buy,36.502
2019-08-21,USD,UYU,sell,36.502
2019-08-21,VES,UYU,buy,0.002496
2019-08-21,VES,UYU,sell,0.002496
2019-08-21,XDR,UYU,buy,50.070158
2019-08-21,XDR,UYU,sell,50.070158
2019-08-21,ZAR,UYU,buy,2.401613
2019-08-21,ZAR,UYU,sell,2.401613
2019-08-22,ARS,UYU,buy,0.659257
2019-08-22,ARS,UYU,sell,0.659257
2019-08-22,AUD,UYU,buy,24.553631
2019-08-22,AUD,UYU,sell,24.553631
2019-08-22,BRL,UYU,buy,8.928484
2019-08-22,BRL,UYU,sell,8.928484
2019-08-22,CAD,UYU,buy,27.318871
2019-08-22,CAD,UYU,sell,27.318871
2019-08-22,CHF,UYU,buy,36.937624
2019-08-22,CHF,UYU,sell,36.937624
2019-08-22,CLP,UYU,buy,0.050918
2019-08-22,CLP,UYU,sell,0.050918
2019-08-22,CNY,UYU,buy,5.126577
2019-08-22,CNY,UYU,sell,5.126577
2019-08-22,COP,UYU,buy,0.010717
2019-08-22,COP,UYU,sell,0.010717
2019-08-22,DKK,UYU,buy,5.40215
2019-08-22,DKK,UYU,sell,5.40215
2019-08-22,EUR,UYU,buy,40.275438
2019-08-22,EUR,UYU,sell,40.275438
2019-08-22,GBP,UYU,buy,44.531498
2019-08-22,GBP,UYU,sell,44.531498
2019-08-22,HKD,UYU,buy,4.633751
2019-08-22,HKD,UYU,sell,4.633751
2019-08-22,HUF,UYU,buy,0.122745
2019-08-22,HUF,UYU,sell,0.122745
2019-08-22,INR,UYU,buy,0.505874
2019-08-22,INR,UYU,sell,0.505874
2019-08-22,ISK,UYU,buy,0.290791
2019-08-22,ISK,UYU,sell,0.290791
2019-08-22,JPY,UYU,buy,0.341415
2019-08-22,JPY,UYU,sell,0.341415
2019-08-22,KRW,UYU,buy,0.030093
2019-08-22,KRW,UYU,sell,0.030093
2019-08-22,MXN,UYU,buy,1.834858
2019-08-22,MXN,UYU,sell,1.834858
2019-08-22,MYR,UYU,buy,8.673232
2019-08-22,MYR,UYU,sell,8.673232
2019-08-22,NOK,UYU,buy,4.048317
2019-08-22,NOK,UYU,sell,4.048317
2019-08-22,NZD,UYU,buy,23.133128
2019-08-22,NZD,UYU,sell,23.133128
2019-08-22,PEN,UYU,buy,10.765561
2019-08-22,PEN,UYU,sell,10.765561
2019-08-22,PYG,UYU,buy,0.005876
2019-08-22,PYG,UYU,sell,0.005876
2019-08-22,RUB,UYU,buy,0.553465
2019-08-22,RUB,UYU,sell,0.553465
2019-08-22,SEK,UYU,buy,3.757175
2019-08-22,SEK,UYU,sell,3.757175
2019-08-22,TRY,UYU,buy,6.297998
2019-08-22,TRY,UYU,sell,6.297998
2019-08-22,USD,UYU,buy,36.33
2019-08-22,USD,UYU,sell,36.33
2019-08-22,VES,UYU,buy,0.002319
2019-08-22,VES,UYU,sell,0.002319
2019-08-22,XDR,UYU,buy,49.775733
2019-08-22,XDR,UYU,sell,49.775733
2019-08-22,ZAR,UYU,buy,2.382608
2019-08-22,ZAR,UYU,sell,2.382608
2019-08-23,ARS,UYU,buy,0.661456
2019-08-23,ARS,UYU,sell,0.661456
2019-08-23,AUD,UYU,buy,24.632243
2019-08-23,AUD,UYU,sell,24.632243
2019-08-23,BRL,UYU,buy,8.859204
2019-08-23,BRL,UYU,sell,8.859204
2019-08-23,CAD,UYU,buy,27.426595
2019-08-23,CAD,UYU,sell,27.426595
2019-08-23,CHF,UYU,buy,37.43624
2019-08-23,CHF,UYU,sell,37.43624
2019-08-23,CLP,UYU,buy,0.050775
2019-08-23,CLP,UYU,sell,0.050775
2019-08-23,CNY,UYU,buy,5.140651
2019-08-23,CNY,UYU,sell,5.140651
2019-08-23,COP,UYU,buy,0.010655
2019-08-23,COP,UYU,sell,0.010655
2019-08-23,DKK,UYU,buy,5.450972
2019-08-23,DKK,UYU,sell,5.450972
2019-08-23,EUR,UYU,buy,40.648854
2019-08-23,EUR,UYU,sell,40.648854
2019-08-23,GBP,UYU,buy,44.814414
2019-08-23,GBP,UYU,sell,44.814414
2019-08-23,HKD,UYU,buy,4.650712
2019-08-23,HKD,UYU,sell,4.650712
2019-08-23,HUF,UYU,buy,0.123407
2019-08-23,HUF,UYU,sell,0.123407
2019-08-23,INR,UYU,buy,0.508979
2019-08-23,INR,UYU,sell,0.508979
2019-08-23,ISK,UYU,buy,0.293936
2019-08-23,ISK,UYU,sell,0.293936
2019-08-23,JPY,UYU,buy,0.346269
2019-08-23,JPY,UYU,sell,0.346269
2019-08-23,KRW,UYU,buy,0.030128
2019-08-23,KRW,UYU,sell,0.030128
2019-08-23,MXN,UYU,buy,1.832992
2019-08-23,MXN,UYU,sell,1.832992
2019-08-23,MYR,UYU,buy,8.702893
2019-08-23,MYR,UYU,sell,8.702893
2019-08-23,NOK,UYU,buy,4.067872
2019-08-23,NOK,UYU,sell,4.067872
2019-08-23,NZD,UYU,buy,23.313635
2019-08-23,NZD,UYU,sell,23.313635
2019-08-23,PEN,UYU,buy,10.804022
2019-08-23,PEN,UYU,sell,10.804022
2019-08-23,PYG,UYU,buy,0.005868
2019-08-23,PYG,UYU,sell,0.005868
2019-08-23,RUB,UYU,buy,0.55282
2019-08-23,RUB,UYU,sell,0.55282
2019-08-23,SEK,UYU,buy,3.792374
2019-08-23,SEK,UYU,sell,3.792374
2019-08-23,TRY,UYU,buy,6.320733
2019-08-23,TRY,UYU,sell,6.320733
2019-08-23,USD,UYU,buy,36.476
2019-08-23,USD,UYU,sell,36.476
2019-08-23,VES,UYU,buy,0.002299
2019-08-23,VES,UYU,sell,0.002299
2019-08-23,XDR,UYU,buy,49.974309
2019-08-23,XDR,UYU,sell,49.974309
2019-08-23,ZAR,UYU,buy,2.385658
2019-08-23,ZAR,UYU,sell,2.385658
2019-08-26,ARS,UYU,buy,0.660024
2019-08-26,ARS,UYU,sell,0.660024
2019-08-26,AUD,UYU,buy,24.731045
2019-08-26,AUD,UYU,sell,24.731045
2019-08-26,BRL,UYU,buy,8.794593
2019-08-26,BRL,UYU,sell,8.794593
2019-08-26,CAD,UYU,buy,27.516586
2019-08-26,CAD,UYU,sell,27.516586
2019-08-26,CHF,UYU,buy,37.261868
2019-08-26,CHF,UYU,sell,37.261868
2019-08-26,CLP,UYU,buy,0.050706
2019-08-26,CLP,UYU,sell,0.050706
2019-08-26,CNY,UYU,buy,5.103759
2019-08-26,CNY,UYU,sell,5.103759
2019-08-26,COP,UYU,buy,0.010594
2019-08-26,COP,UYU,sell,0.010594
2019-08-26,DKK,UYU,buy,5.432665
2019-08-26,DKK,UYU,sell,5.432665
2019-08-26,EUR,UYU,buy,40.510955
2019-08-26,EUR,UYU,sell,40.510955
2019-08-26,GBP,UYU,buy,44.598731
2019-08-26,GBP,UYU,sell,44.598731
2019-08-26,HKD,UYU,buy,4.651975
2019-08-26,HKD,UYU,sell,4.651975
2019-08-26,HUF,UYU,buy,0.123036
2019-08-26,HUF,UYU,sell,0.123036
2019-08-26,INR,UYU,buy,0.50675
2019-08-26,INR,UYU,sell,0.50675
2019-08-26,ISK,UYU,buy,0.292077
2019-08-26,ISK,UYU,sell,0.292077
2019-08-26,JPY,UYU,buy,0.343818
2019-08-26,JPY,UYU,sell,0.343818
2019-08-26,KRW,UYU,buy,0.029971
2019-08-26,KRW,UYU,sell,0.029971
2019-08-26,MXN,UYU,buy,1.832068
2019-08-26,MXN,UYU,sell,1.832068
2019-08-26,MYR,UYU,buy,8.683281
2019-08-26,MYR,UYU,sell,8.683281
2019-08-26,NOK,UYU,buy,4.053622
2019-08-26,NOK,UYU,sell,4.053622
2019-08-26,NZD,UYU,buy,23.309448
2019-08-26,NZD,UYU,sell,23.309448
2019-08-26,PEN,UYU,buy,10.790882
2019-08-26,PEN,UYU,sell,10.790882
2019-08-26,PYG,UYU,buy,0.00585
2019-08-26,PYG,UYU,sell,0.00585
2019-08-26,RUB,UYU,buy,0.552316
2019-08-26,RUB,UYU,sell,0.552316
2019-08-26,SEK,UYU,buy,3.770903
2019-08-26,SEK,UYU,sell,3.770903
2019-08-26,TRY,UYU,buy,6.263224
2019-08-26,TRY,UYU,sell,6.263224
2019-08-26,USD,UYU,buy,36.498
2019-08-26,USD,UYU,sell,36.498
2019-08-26,VES,UYU,buy,0.002273
2019-08-26,VES,UYU,sell,0.002273
2019-08-26,XDR,UYU,buy,50.087665
2019-08-26,XDR,UYU,sell,50.087665
2019-08-26,ZAR,UYU,buy,2.386621
2019-08-26,ZAR,UYU,sell,2.386621
2019-08-27,ARS,UYU,buy,0.6488
2019-08-27,ARS,UYU,sell,0.6488
2019-08-27,AUD,UYU,buy,24.663726
2019-08-27,AUD,UYU,sell,24.663726
2019-08-27,BRL,UYU,buy,8.800511
2019-08-27,BRL,UYU,sell,8.800511
2019-08-27,CAD,UYU,buy,27.470179
2019-08-27,CAD,UYU,sell,27.470179
2019-08-27,CHF,UYU,buy,37.198471
2019-08-27,CHF,UYU,sell,37.198471
2019-08-27,CLP,UYU,buy,0.050527
2019-08-27,CLP,UYU,sell,0.050527
2019-08-27,CNY,UYU,buy,5.096695
2019-08-27,CNY,UYU,sell,5.096695
2019-08-27,COP,UYU,buy,0.010518
2019-08-27,COP,UYU,sell,0.010518
2019-08-27,DKK,UYU,buy,5.428788
2019-08-27,DKK,UYU,sell,5.428788
2019-08-27,EUR,UYU,buy,40.483259
2019-08-27,EUR,UYU,sell,40.483259
2019-08-27,GBP,UYU,buy,44.865204
2019-08-27,GBP,UYU,sell,44.865204
2019-08-27,HKD,UYU,buy,4.651468
2019-08-27,HKD,UYU,sell,4.651468
2019-08-27,HUF,UYU,buy,0.122856
2019-08-27,HUF,UYU,sell,0.122856
2019-08-27,INR,UYU,buy,0.510611
2019-08-27,INR,UYU,sell,0.510611
2019-08-27,ISK,UYU,buy,0.293558
2019-08-27,ISK,UYU,sell,0.293558
2019-08-27,JPY,UYU,buy,0.345016
2019-08-27,JPY,UYU,sell,0.345016
2019-08-27,KRW,UYU,buy,0.030138
2019-08-27,KRW,UYU,sell,0.030138
2019-08-27,MXN,UYU,buy,1.823655
2019-08-27,MXN,UYU,sell,1.823655
2019-08-27,MYR,UYU,buy,8.680897
2019-08-27,MYR,UYU,sell,8.680897
2019-08-27,NOK,UYU,buy,4.050873
2019-08-27,NOK,UYU,sell,4.050873
2019-08-27,NZD,UYU,buy,23.231061
2019-08-27,NZD,UYU,sell,23.231061
2019-08-27,PEN,UYU,buy,10.753141
2019-08-27,PEN,UYU,sell,10.753141
2019-08-27,PYG,UYU,buy,0.005826
2019-08-27,PYG,UYU,sell,0.005826
2019-08-27,RUB,UYU,buy,0.549012
2019-08-27,RUB,UYU,sell,0.549012
2019-08-27,SEK,UYU,buy,3.774625
2019-08-27,SEK,UYU,sell,3.774625
2019-08-27,TRY,UYU,buy,6.262396
2019-08-27,TRY,UYU,sell,6.262396
2019-08-27,USD,UYU,buy,36.501
2019-08-27,USD,UYU,sell,36.501
2019-08-27,VES,UYU,buy,0.002213
2019-08-27,VES,UYU,sell,0.002213
2019-08-27,XDR,UYU,buy,50.073532
2019-08-27,XDR,UYU,sell,50.073532
2019-08-27,ZAR,UYU,buy,2.377869
2019-08-27,ZAR,UYU,sell,2.377869
2019-08-28,ARS,UYU,buy,0.631255
2019-08-28,ARS,UYU,sell,0.631255
2019-08-28,AUD,UYU,buy,24.679273
2019-08-28,AUD,UYU,sell,24.679273
2019-08-28,BRL,UYU,buy,8.806155
2019-08-28,BRL,UYU,sell,8.806155
2019-08-28,CAD,UYU,buy,27.517374
2019-08-28,CAD,UYU,sell,27.517374
2019-08-28,CHF,UYU,buy,37.304069
2019-08-28,CHF,UYU,sell,37.304069
2019-08-28,CLP,UYU,buy,0.050699
2019-08-28,CLP,UYU,sell,0.050699
2019-08-28,CNY,UYU,buy,5.11179
2019-08-28,CNY,UYU,sell,5.11179
2019-08-28,COP,UYU,buy,0.010534
2019-08-28,COP,UYU,sell,0.010534
2019-08-28,DKK,UYU,buy,5.442307
2019-08-28,DKK,UYU,sell,5.442307
2019-08-28,EUR,UYU,buy,40.579053
2019-08-28,EUR,UYU,sell,40.579053
2019-08-28,GBP,UYU,buy,44.741712
2019-08-28,GBP,UYU,sell,44.741712
2019-08-28,HKD,UYU,buy,4.669369
2019-08-28,HKD,UYU,sell,4.669369
2019-08-28,HUF,UYU,buy,0.122878
2019-08-28,HUF,UYU,sell,0.122878
2019-08-28,INR,UYU,buy,0.510339
2019-08-28,INR,UYU,sell,0.510339
2019-08-28,ISK,UYU,buy,0.294264
2019-08-28,ISK,UYU,sell,0.294264
2019-08-28,JPY,UYU,buy,0.345277
2019-08-28,JPY,UYU,sell,0.345277
2019-08-28,KRW,UYU,buy,0.03017
2019-08-28,KRW,UYU,sell,0.03017
2019-08-28,MXN,UYU,buy,1.824258
2019-08-28,MXN,UYU,sell,1.824258
2019-08-28,MYR,UYU,buy,8.692773
2019-08-28,MYR,UYU,sell,8.692773
2019-08-28,NOK,UYU,buy,4.05213
2019-08-28,NOK,UYU,sell,4.05213
2019-08-28,NZD,UYU,buy,23.208699
2019-08-28,NZD,UYU,sell,23.208699
2019-08-28,PEN,UYU,buy,10.76853
2019-08-28,PEN,UYU,sell,10.76853
2019-08-28,PYG,UYU,buy,0.005829
2019-08-28,PYG,UYU,sell,0.005829
2019-08-28,RUB,UYU,buy,0.548627
2019-08-28,RUB,UYU,sell,0.548627
2019-08-28,SEK,UYU,buy,3.767532
2019-08-28,SEK,UYU,sell,3.767532
2019-08-28,TRY,UYU,buy,6.299523
2019-08-28,TRY,UYU,sell,6.299523
2019-08-28,USD,UYU,buy,36.627
2019-08-28,USD,UYU,sell,36.627
2019-08-28,VES,UYU,buy,0.002078
2019-08-28,VES,UYU,sell,0.002078
2019-08-28,XDR,UYU,buy,50.213419
2019-08-28,XDR,UYU,sell,50.213419
2019-08-28,ZAR,UYU,buy,2.380688
2019-08-28,ZAR,UYU,sell,2.380688
2019-08-29,ARS,UYU,buy,0.632448
2019-08-29,ARS,UYU,sell,0.632448
2019-08-29,AUD,UYU,buy,24.624371
2019-08-29,AUD,UYU,sell,24.624371
2019-08-29,BRL,UYU,buy,8.803703
2019-08-29,BRL,UYU,sell,8.803703
2019-08-29,CAD,UYU,buy,27.521708
2019-08-29,CAD,UYU,sell,27.521708
2019-08-29,CHF,UYU,buy,37.077024
2019-08-29,CHF,UYU,sell,37.077024
2019-08-29,CLP,UYU,buy,0.050752
2019-08-29,CLP,UYU,sell,0.050752
2019-08-29,CNY,UYU,buy,5.123941
2019-08-29,CNY,UYU,sell,5.123941
2019-08-29,COP,UYU,buy,0.010644
2019-08-29,COP,UYU,sell,0.010644
2019-08-29,DKK,UYU,buy,5.426583
2019-08-29,DKK,UYU,sell,5.426583
2019-08-29,EUR,UYU,buy,40.460992
2019-08-29,EUR,UYU,sell,40.460992
2019-08-29,GBP,UYU,buy,44.579392
2019-08-29,GBP,UYU,sell,44.579392
2019-08-29,HKD,UYU,buy,4.665668
2019-08-29,HKD,UYU,sell,4.665668
2019-08-29,HUF,UYU,buy,0.122118
2019-08-29,HUF,UYU,sell,0.122118
2019-08-29,INR,UYU,buy,0.510029
2019-08-29,INR,UYU,sell,0.510029
2019-08-29,ISK,UYU,buy,0.292151
2019-08-29,ISK,UYU,sell,0.292151
2019-08-29,JPY,UYU,buy,0.343302
2019-08-29,JPY,UYU,sell,0.343302
2019-08-29,KRW,UYU,buy,0.030093
2019-08-29,KRW,UYU,sell,0.030093
2019-08-29,MXN,UYU,buy,1.81704
2019-08-29,MXN,UYU,sell,1.81704
2019-08-29,MYR,UYU,buy,8.680538
2019-08-29,MYR,UYU,sell,8.680538
2019-08-29,NOK,UYU,buy,4.020118
2019-08-29,NOK,UYU,sell,4.020118
2019-08-29,NZD,UYU,buy,23.090496
2019-08-29,NZD,UYU,sell,23.090496
2019-08-29,PEN,UYU,buy,10.772287
2019-08-29,PEN,UYU,sell,10.772287
2019-08-29,PYG,UYU,buy,0.005818
2019-08-29,PYG,UYU,sell,0.005818
2019-08-29,RUB,UYU,buy,0.550352
2019-08-29,RUB,UYU,sell,0.550352
2019-08-29,SEK,UYU,buy,3.741868
2019-08-29,SEK,UYU,sell,3.741868
2019-08-29,TRY,UYU,buy,6.265918
2019-08-29,TRY,UYU,sell,6.265918
2019-08-29,USD,UYU,buy,36.608
2019-08-29,USD,UYU,sell,36.608
2019-08-29,VES,UYU,buy,0.001991
2019-08-29,VES,UYU,sell,0.001991
2019-08-29,XDR,UYU,buy,50.146004
2019-08-29,XDR,UYU,sell,50.146004
2019-08-29,ZAR,UYU,buy,2.390391
2019-08-29,ZAR,UYU,sell,2.390391
2019-08-30,ARS,UYU,buy,0.615823
2019-08-30,ARS,UYU,sell,0.615823
2019-08-30,AUD,UYU,buy,24.660066
2019-08-30,AUD,UYU,sell,24.660066
2019-08-30,BRL,UYU,buy,8.876884
2019-08-30,BRL,UYU,sell,8.876884
2019-08-30,CAD,UYU,buy,27.505911
2019-08-30,CAD,UYU,sell,27.505911
2019-08-30,CHF,UYU,buy,36.987836
2019-08-30,CHF,UYU,sell,36.987836
2019-08-30,CLP,UYU,buy,0.050777
2019-08-30,CLP,UYU,sell,0.050777
2019-08-30,CNY,UYU,buy,5.120101
2019-08-30,CNY,UYU,sell,5.120101
2019-08-30,COP,UYU,buy,0.010645
2019-08-30,COP,UYU,sell,0.010645
2019-08-30,DKK,UYU,buy,5.39734
2019-08-30,DKK,UYU,sell,5.39734
2019-08-30,EUR,UYU,buy,40.242077
2019-08-30,EUR,UYU,sell,40.242077
2019-08-30,GBP,UYU,buy,44.543847
2019-08-30,GBP,UYU,sell,44.543847
2019-08-30,HKD,UYU,buy,4.671996
2019-08-30,HKD,UYU,sell,4.671996
2019-08-30,HUF,UYU,buy,0.121446
2019-08-30,HUF,UYU,sell,0.121446
2019-08-30,INR,UYU,buy,0.513148
2019-08-30,INR,UYU,sell,0.513148
2019-08-30,ISK,UYU,buy,0.290556
2019-08-30,ISK,UYU,sell,0.290556
2019-08-30,JPY,UYU,buy,0.344898
2019-08-30,JPY,UYU,sell,0.344898
2019-08-30,KRW,UYU,buy,0.030249
2019-08-30,KRW,UYU,sell,0.030249
2019-08-30,MXN,UYU,buy,1.829566
2019-08-30,MXN,UYU,sell,1.829566
2019-08-30,MYR,UYU,buy,8.712876
2019-08-30,MYR,UYU,sell,8.712876
2019-08-30,NOK,UYU,buy,4.019791
2019-08-30,NOK,UYU,sell,4.019791
2019-08-30,NZD,UYU,buy,23.067971
2019-08-30,NZD,UYU,sell,23.067971
2019-08-30,PEN,UYU,buy,10.797383
2019-08-30,PEN,UYU,sell,10.797383
2019-08-30,PYG,UYU,buy,0.005867
2019-08-30,PYG,UYU,sell,0.005867
2019-08-30,RUB,UYU,buy,0.549022
2019-08-30,RUB,UYU,sell,0.549022
2019-08-30,SEK,UYU,buy,3.730776
2019-08-30,SEK,UYU,sell,3.730776
2019-08-30,TRY,UYU,buy,6.289176
2019-08-30,TRY,UYU,sell,6.289176
2019-08-30,USD,UYU,buy,36.642
2019-08-30,USD,UYU,sell,36.642
2019-08-30,VES,UYU,buy,0.001789
2019-08-30,VES,UYU,sell,0.001789
2019-08-30,XDR,UYU,buy,50.138714
2019-08-30,XDR,UYU,sell,50.138714
2019-08-30,ZAR,UYU,buy,2.413969
2019-08-30,ZAR,UYU,sell,2.413969
2019-09-02,ARS,UYU,buy,0.656855
2019-09-02,ARS,UYU,sell,0.656855
2019-09-02,AUD,UYU,buy,24.714705
2019-09-02,AUD,UYU,sell,24.714705
2019-09-02,BRL,UYU,buy,8.806481
2019-09-02,BRL,UYU,sell,8.806481
2019-09-02,CAD,UYU,buy,27.606722
2019-09-02,CAD,UYU,sell,27.606722
2019-09-02,CHF,UYU,buy,37.148049
2019-09-02,CHF,UYU,sell,37.148049
2019-09-02,CLP,UYU,buy,0.050769
2019-09-02,CLP,UYU,sell,0.050769
2019-09-02,CNY,UYU,buy,5.130647
2019-09-02,CNY,UYU,sell,5.130647
2019-09-02,COP,UYU,buy,0.010677
2019-09-02,COP,UYU,sell,0.010677
2019-09-02,DKK,UYU,buy,5.41415
2019-09-02,DKK,UYU,sell,5.41415
2019-09-02,EUR,UYU,buy,40.368149
2019-09-02,EUR,UYU,sell,40.368149
2019-09-02,GBP,UYU,buy,44.388221
2019-09-02,GBP,UYU,sell,44.388221
2019-09-02,HKD,UYU,buy,4.69173
2019-09-02,HKD,UYU,sell,4.69173
2019-09-02,HUF,UYU,buy,0.121873
2019-09-02,HUF,UYU,sell,0.121873
2019-09-02,INR,UYU,buy,0.515319
2019-09-02,INR,UYU,sell,0.515319
2019-09-02,ISK,UYU,buy,0.290621
2019-09-02,ISK,UYU,sell,0.290621
2019-09-02,JPY,UYU,buy,0.346504
2019-09-02,JPY,UYU,sell,0.346504
2019-09-02,KRW,UYU,buy,0.030391
2019-09-02,KRW,UYU,sell,0.030391
2019-09-02,MXN,UYU,buy,1.826276
2019-09-02,MXN,UYU,sell,1.826276
2019-09-02,MYR,UYU,buy,8.749732
2019-09-02,MYR,UYU,sell,8.749732
2019-09-02,NOK,UYU,buy,4.040895
2019-09-02,NOK,UYU,sell,4.040895
2019-09-02,NZD,UYU,buy,23.215227
2019-09-02,NZD,UYU,sell,23.215227
2019-09-02,PEN,UYU,buy,10.805485
2019-09-02,PEN,UYU,sell,10.805485
2019-09-02,PYG,UYU,buy,0.005881
2019-09-02,PYG,UYU,sell,0.005881
2019-09-02,RUB,UYU,buy,0.550499
2019-09-02,RUB,UYU,sell,0.550499
2019-09-02,SEK,UYU,buy,3.744746
2019-09-02,SEK,UYU,sell,3.744746
2019-09-02,TRY,UYU,buy,6.333173
2019-09-02,TRY,UYU,sell,6.333173
2019-09-02,USD,UYU,buy,36.797
2019-09-02,USD,UYU,sell,36.797
2019-09-02,VES,UYU,buy,0.001661
2019-09-02,VES,UYU,sell,0.001661
2019-09-02,XDR,UYU,buy,50.216498
2019-09-02,XDR,UYU,sell,50.216498
2019-09-02,ZAR,UYU,buy,2.413607
2019-09-02,ZAR,UYU,sell,2.413607
2019-09-03,ARS,UYU,buy,0.663018
2019-09-03,ARS,UYU,sell,0.663018
2019-09-03,AUD,UYU,buy,24.803019
2019-09-03,AUD,UYU,sell,24.803019
2019-09-03,BRL,UYU,buy,8.781031
2019-09-03,BRL,UYU,sell,8.781031
2019-09-03,CAD,UYU,buy,27.538363
2019-09-03,CAD,UYU,sell,27.538363
2019-09-03,CHF,UYU,buy,37.165426
2019-09-03,CHF,UYU,sell,37.165426
2019-09-03,CLP,UYU,buy,0.050567
2019-09-03,CLP,UYU,sell,0.050567
2019-09-03,CNY,UYU,buy,5.112065
2019-09-03,CNY,UYU,sell,5.112065
2019-09-03,COP,UYU,buy,0.01066
2019-09-03,COP,UYU,sell,0.01066
2019-09-03,DKK,UYU,buy,5.397269
2019-09-03,DKK,UYU,sell,5.397269
2019-09-03,EUR,UYU,buy,40.242288
2019-09-03,EUR,UYU,sell,40.242288
2019-09-03,GBP,UYU,buy,44.341567
2019-09-03,GBP,UYU,sell,44.341567
2019-09-03,HKD,UYU,buy,4.678608
2019-09-03,HKD,UYU,sell,4.678608
2019-09-03,HUF,UYU,buy,0.121946
2019-09-03,HUF,UYU,sell,0.121946
2019-09-03,INR,UYU,buy,0.506936
2019-09-03,INR,UYU,sell,0.506936
2019-09-03,ISK,UYU,buy,0.288912
2019-09-03,ISK,UYU,sell,0.288912
2019-09-03,JPY,UYU,buy,0.346037
2019-09-03,JPY,UYU,sell,0.346037
2019-09-03,KRW,UYU,buy,0.030186
2019-09-03,KRW,UYU,sell,0.030186
2019-09-03,MXN,UYU,buy,1.833873
2019-09-03,MXN,UYU,sell,1.833873
2019-09-03,MYR,UYU,buy,8.69593
2019-09-03,MYR,UYU,sell,8.69593
2019-09-03,NOK,UYU,buy,4.029979
2019-09-03,NOK,UYU,sell,4.029979
2019-09-03,NZD,UYU,buy,23.221292
2019-09-03,NZD,UYU,sell,23.221292
2019-09-03,PEN,UYU,buy,10.779715
2019-09-03,PEN,UYU,sell,10.779715
2019-09-03,PYG,UYU,buy,0.005829
2019-09-03,PYG,UYU,sell,0.005829
2019-09-03,RUB,UYU,buy,0.549338
2019-09-03,RUB,UYU,sell,0.549338
2019-09-03,SEK,UYU,buy,3.733747
2019-09-03,SEK,UYU,sell,3.733747
2019-09-03,TRY,UYU,buy,6.405383
2019-09-03,TRY,UYU,sell,6.405383
2019-09-03,USD,UYU,buy,36.699
2019-09-03,USD,UYU,sell,36.699
2019-09-03,VES,UYU,buy,0.001575
2019-09-03,VES,UYU,sell,0.001575
2019-09-03,XDR,UYU,buy,50.008626
2019-09-03,XDR,UYU,sell,50.008626
2019-09-03,ZAR,UYU,buy,2.43022
2019-09-03,ZAR,UYU,sell,2.43022
2019-09-04,ARS,UYU,buy,0.654365
2019-09-04,ARS,UYU,sell,0.654365
2019-09-04,AUD,UYU,buy,24.917182
2019-09-04,AUD,UYU,sell,24.917182
2019-09-04,BRL,UYU,buy,8.930556
2019-09-04,BRL,UYU,sell,8.930556
2019-09-04,CAD,UYU,buy,27.722855
2019-09-04,CAD,UYU,sell,27.722855
2019-09-04,CHF,UYU,buy,37.400888
2019-09-04,CHF,UYU,sell,37.400888
2019-09-04,CLP,UYU,buy,0.050647
2019-09-04,CLP,UYU,sell,0.050647
2019-09-04,CNY,UYU,buy,5.128883
2019-09-04,CNY,UYU,sell,5.128883
2019-09-04,COP,UYU,buy,0.01079
2019-09-04,COP,UYU,sell,0.01079
2019-09-04,DKK,UYU,buy,5.422227
2019-09-04,DKK,UYU,sell,5.422227
2019-09-04,EUR,UYU,buy,40.444379
2019-09-04,EUR,UYU,sell,40.444379
2019-09-04,GBP,UYU,buy,44.791187
2019-09-04,GBP,UYU,sell,44.791187
2019-09-04,HKD,UYU,buy,4.675409
2019-09-04,HKD,UYU,sell,4.675409
2019-09-04,HUF,UYU,buy,0.122755
2019-09-04,HUF,UYU,sell,0.122755
2019-09-04,INR,UYU,buy,0.508177
2019-09-04,INR,UYU,sell,0.508177
2019-09-04,ISK,UYU,buy,0.290339
2019-09-04,ISK,UYU,sell,0.290339
2019-09-04,JPY,UYU,buy,0.344513
2019-09-04,JPY,UYU,sell,0.344513
2019-09-04,KRW,UYU,buy,0.030339
2019-09-04,KRW,UYU,sell,0.030339
2019-09-04,MXN,UYU,buy,1.853677
2019-09-04,MXN,UYU,sell,1.853677
2019-09-04,MYR,UYU,buy,8.718644
2019-09-04,MYR,UYU,sell,8.718644
2019-09-04,NOK,UYU,buy,4.058265
2019-09-04,NOK,UYU,sell,4.058265
2019-09-04,NZD,UYU,buy,23.326529
2019-09-04,NZD,UYU,sell,23.326529
2019-09-04,PEN,UYU,buy,10.845898
2019-09-04,PEN,UYU,sell,10.845898
2019-09-04,PYG,UYU,buy,0.005862
2019-09-04,PYG,UYU,sell,0.005862
2019-09-04,RUB,UYU,buy,0.554046
2019-09-04,RUB,UYU,sell,0.554046
2019-09-04,SEK,UYU,buy,3.763516
2019-09-04,SEK,UYU,sell,3.763516
2019-09-04,TRY,UYU,buy,6.463793
2019-09-04,TRY,UYU,sell,6.463793
2019-09-04,USD,UYU,buy,36.651
2019-09-04,USD,UYU,sell,36.651
2019-09-04,VES,UYU,buy,0.001539
2019-09-04,VES,UYU,sell,0.001539
2019-09-04,XDR,UYU,buy,50.129772
2019-09-04,XDR,UYU,sell,50.129772
2019-09-04,ZAR,UYU,buy,2.474997
2019-09-04,ZAR,UYU,sell,2.474997
2019-09-05,ARS,UYU,buy,0.653198
2019-09-05,ARS,UYU,sell,0.653198
2019-09-05,AUD,UYU,buy,24.946596
2019-09-05,AUD,UYU,sell,24.946596
2019-09-05,BRL,UYU,buy,8.925096
2019-09-05,BRL,UYU,sell,8.925096
2019-09-05,CAD,UYU,buy,27.646859
2019-09-05,CAD,UYU,sell,27.646859
2019-09-05,CHF,UYU,buy,37.083354
2019-09-05,CHF,UYU,sell,37.083354
2019-09-05,CLP,UYU,buy,0.051158
2019-09-05,CLP,UYU,sell,0.051158
2019-09-05,CNY,UYU,buy,5.11855
2019-09-05,CNY,UYU,sell,5.11855
2019-09-05,COP,UYU,buy,0.010824
2019-09-05,COP,UYU,sell,0.010824
2019-09-05,DKK,UYU,buy,5.413378
2019-09-05,DKK,UYU,sell,5.413378
2019-09-05,EUR,UYU,buy,40.384761
2019-09-05,EUR,UYU,sell,40.384761
2019-09-05,GBP,UYU,buy,45.112447
2019-09-05,GBP,UYU,sell,45.112447
2019-09-05,HKD,UYU,buy,4.668508
2019-09-05,HKD,UYU,sell,4.668508
2019-09-05,HUF,UYU,buy,0.122508
2019-09-05,HUF,UYU,sell,0.122508
2019-09-05,INR,UYU,buy,0.509319
2019-09-05,INR,UYU,sell,0.509319
2019-09-05,ISK,UYU,buy,0.289918
2019-09-05,ISK,UYU,sell,0.289918
2019-09-05,JPY,UYU,buy,0.342029
2019-09-05,JPY,UYU,sell,0.342029
2019-09-05,KRW,UYU,buy,0.030486
2019-09-05,KRW,UYU,sell,0.030486
2019-09-05,MXN,UYU,buy,1.857349
2019-09-05,MXN,UYU,sell,1.857349
2019-09-05,MYR,UYU,buy,8.73891
2019-09-05,MYR,UYU,sell,8.73891
2019-09-05,NOK,UYU,buy,4.062753
2019-09-05,NOK,UYU,sell,4.062753
2019-09-05,NZD,UYU,buy,23.336548
2019-09-05,NZD,UYU,sell,23.336548
2019-09-05,PEN,UYU,buy,10.87591
2019-09-05,PEN,UYU,sell,10.87591
2019-09-05,PYG,UYU,buy,0.00586
2019-09-05,PYG,UYU,sell,0.00586
2019-09-05,RUB,UYU,buy,0.552554
2019-09-05,RUB,UYU,sell,0.552554
2019-09-05,SEK,UYU,buy,3.774531
2019-09-05,SEK,UYU,sell,3.774531
2019-09-05,TRY,UYU,buy,6.425624
2019-09-05,TRY,UYU,sell,6.425624
2019-09-05,USD,UYU,buy,36.592
2019-09-05,USD,UYU,sell,36.592
2019-09-05,VES,UYU,buy,0.001547
2019-09-05,VES,UYU,sell,0.001547
2019-09-05,XDR,UYU,buy,50.137261
2019-09-05,XDR,UYU,sell,50.137261
2019-09-05,ZAR,UYU,buy,2.45767
2019-09-05,ZAR,UYU,sell,2.45767
2019-09-06,ARS,UYU,buy,0.652396
2019-09-06,ARS,UYU,sell,0.652396
2019-09-06,AUD,UYU,buy,24.948401
2019-09-06,AUD,UYU,sell,24.948401
2019-09-06,BRL,UYU,buy,8.946657
2019-09-06,BRL,UYU,sell,8.946657
2019-09-06,CAD,UYU,buy,27.653243
2019-09-06,CAD,UYU,sell,27.653243
2019-09-06,CHF,UYU,buy,36.877056
2019-09-06,CHF,UYU,sell,36.877056
2019-09-06,CLP,UYU,buy,0.051145
2019-09-06,CLP,UYU,sell,0.051145
2019-09-06,CNY,UYU,buy,5.119021
2019-09-06,CNY,UYU,sell,5.119021
2019-09-06,COP,UYU,buy,0.010853
2019-09-06,COP,UYU,sell,0.010853
2019-09-06,DKK,UYU,buy,5.385161
2019-09-06,DKK,UYU,sell,5.385161
2019-09-06,EUR,UYU,buy,40.18483
2019-09-06,EUR,UYU,sell,40.18483
2019-09-06,GBP,UYU,buy,44.791277
2019-09-06,GBP,UYU,sell,44.791277
2019-09-06,HKD,UYU,buy,4.647505
2019-09-06,HKD,UYU,sell,4.647505
2019-09-06,HUF,UYU,buy,0.121767
2019-09-06,HUF,UYU,sell,0.121767
2019-09-06,INR,UYU,buy,0.507898
2019-09-06,INR,UYU,sell,0.507898
2019-09-06,ISK,UYU,buy,0.288489
2019-09-06,ISK,UYU,sell,0.288489
2019-09-06,JPY,UYU,buy,0.340792
2019-09-06,JPY,UYU,sell,0.340792
2019-09-06,KRW,UYU,buy,0.030435
2019-09-06,KRW,UYU,sell,0.030435
2019-09-06,MXN,UYU,buy,1.8639
2019-09-06,MXN,UYU,sell,1.8639
2019-09-06,MYR,UYU,buy,8.717157
2019-09-06,MYR,UYU,sell,8.717157
2019-09-06,NOK,UYU,buy,4.060661
2019-09-06,NOK,UYU,sell,4.060661
2019-09-06,NZD,UYU,buy,23.41474
2019-09-06,NZD,UYU,sell,23.41474
2019-09-06,PEN,UYU,buy,10.899381
2019-09-06,PEN,UYU,sell,10.899381
2019-09-06,PYG,UYU,buy,0.005802
2019-09-06,PYG,UYU,sell,0.005802
2019-09-06,RUB,UYU,buy,0.554036
2019-09-06,RUB,UYU,sell,0.554036
2019-09-06,SEK,UYU,buy,3.782611
2019-09-06,SEK,UYU,sell,3.782611
2019-09-06,TRY,UYU,buy,6.369764
2019-09-06,TRY,UYU,sell,6.369764
2019-09-06,USD,UYU,buy,36.429
2019-09-06,USD,UYU,sell,36.429
2019-09-06,VES,UYU,buy,0.00174
2019-09-06,VES,UYU,sell,0.00174
2019-09-06,XDR,UYU,buy,49.873487
2019-09-06,XDR,UYU,sell,49.873487
2019-09-06,ZAR,UYU,buy,2.462217
2019-09-06,ZAR,UYU,sell,2.462217
2019-09-09,ARS,UYU,buy,0.651241
2019-09-09,ARS,UYU,sell,0.651241
2019-09-09,AUD,UYU,buy,25.03895
2019-09-09,AUD,UYU,sell,25.03895
2019-09-09,BRL,UYU,buy,8.909297
2019-09-09,BRL,UYU,sell,8.909297
2019-09-09,CAD,UYU,buy,27.716272
2019-09-09,CAD,UYU,sell,27.716272
2019-09-09,CHF,UYU,buy,36.783139
2019-09-09,CHF,UYU,sell,36.783139
2019-09-09,CLP,UYU,buy,0.05102
2019-09-09,CLP,UYU,sell,0.05102
2019-09-09,CNY,UYU,buy,5.121667
2019-09-09,CNY,UYU,sell,5.121667
2019-09-09,COP,UYU,buy,0.010818
2019-09-09,COP,UYU,sell,0.010818
2019-09-09,DKK,UYU,buy,5.405293
2019-09-09,DKK,UYU,sell,5.405293
2019-09-09,EUR,UYU,buy,40.318747
2019-09-09,EUR,UYU,sell,40.318747
2019-09-09,GBP,UYU,buy,45.035093
2019-09-09,GBP,UYU,sell,45.035093
2019-09-09,HKD,UYU,buy,4.653382
2019-09-09,HKD,UYU,sell,4.653382
2019-09-09,HUF,UYU,buy,0.122177
2019-09-09,HUF,UYU,sell,0.122177
2019-09-09,INR,UYU,buy,0.508686
2019-09-09,INR,UYU,sell,0.508686
2019-09-09,ISK,UYU,buy,0.289849
2019-09-09,ISK,UYU,sell,0.289849
2019-09-09,JPY,UYU,buy,0.340372
2019-09-09,JPY,UYU,sell,0.340372
2019-09-09,KRW,UYU,buy,0.030578
2019-09-09,KRW,UYU,sell,0.030578
2019-09-09,MXN,UYU,buy,1.862698
2019-09-09,MXN,UYU,sell,1.862698
2019-09-09,MYR,UYU,buy,8.728404
2019-09-09,MYR,UYU,sell,8.728404
2019-09-09,NOK,UYU,buy,4.086672
2019-09-09,NOK,UYU,sell,4.086672
2019-09-09,NZD,UYU,buy,23.444949
2019-09-09,NZD,UYU,sell,23.444949
2019-09-09,PEN,UYU,buy,10.890471
2019-09-09,PEN,UYU,sell,10.890471
2019-09-09,PYG,UYU,buy,0.005784
2019-09-09,PYG,UYU,sell,0.005784
2019-09-09,RUB,UYU,buy,0.556743
2019-09-09,RUB,UYU,sell,0.556743
2019-09-09,SEK,UYU,buy,3.77788
2019-09-09,SEK,UYU,sell,3.77788
2019-09-09,TRY,UYU,buy,6.34062
2019-09-09,TRY,UYU,sell,6.34062
2019-09-09,USD,UYU,buy,36.476
2019-09-09,USD,UYU,sell,36.476
2019-09-09,VES,UYU,buy,0.001788
2019-09-09,VES,UYU,sell,0.001788
2019-09-09,XDR,UYU,buy,49.948046
2019-09-09,XDR,UYU,sell,49.948046
2019-09-09,ZAR,UYU,buy,2.47037
2019-09-09,ZAR,UYU,sell,2.47037
2019-09-10,ARS,UYU,buy,0.653186
2019-09-10,ARS,UYU,sell,0.653186
2019-09-10,AUD,UYU,buy,25.106228
2019-09-10,AUD,UYU,sell,25.106228
2019-09-10,BRL,UYU,buy,8.933423
2019-09-10,BRL,UYU,sell,8.933423
2019-09-10,CAD,UYU,buy,27.825889
2019-09-10,CAD,UYU,sell,27.825889
2019-09-10,CHF,UYU,buy,36.906166
2019-09-10,CHF,UYU,sell,36.906166
2019-09-10,CLP,UYU,buy,0.051427
2019-09-10,CLP,UYU,sell,0.051427
2019-09-10,CNY,UYU,buy,5.145444
2019-09-10,CNY,UYU,sell,5.145444
2019-09-10,COP,UYU,buy,0.010887
2019-09-10,COP,UYU,sell,0.010887
2019-09-10,DKK,UYU,buy,5.415628
2019-09-10,DKK,UYU,sell,5.415628
2019-09-10,EUR,UYU,buy,40.404192
2019-09-10,EUR,UYU,sell,40.404192
2019-09-10,GBP,UYU,buy,45.19487
2019-09-10,GBP,UYU,sell,45.19487
2019-09-10,HKD,UYU,buy,4.668142
2019-09-10,HKD,UYU,sell,4.668142
2019-09-10,HUF,UYU,buy,0.12189
2019-09-10,HUF,UYU,sell,0.12189
2019-09-10,INR,UYU,buy,0.510388
2019-09-10,INR,UYU,sell,0.510388
2019-09-10,ISK,UYU,buy,0.291316
2019-09-10,ISK,UYU,sell,0.291316
2019-09-10,JPY,UYU,buy,0.340557
2019-09-10,JPY,UYU,sell,0.340557
2019-09-10,KRW,UYU,buy,0.030669
2019-09-10,KRW,UYU,sell,0.030669
2019-09-10,MXN,UYU,buy,1.874389
2019-09-10,MXN,UYU,sell,1.874389
2019-09-10,MYR,UYU,buy,8.774395
2019-09-10,MYR,UYU,sell,8.774395
2019-09-10,NOK,UYU,buy,4.083163
2019-09-10,NOK,UYU,sell,4.083163
2019-09-10,NZD,UYU,buy,23.486767
2019-09-10,NZD,UYU,sell,23.486767
2019-09-10,PEN,UYU,buy,10.945851
2019-09-10,PEN,UYU,sell,10.945851
2019-09-10,PYG,UYU,buy,0.005791
2019-09-10,PYG,UYU,sell,0.005791
2019-09-10,RUB,UYU,buy,0.559983
2019-09-10,RUB,UYU,sell,0.559983
2019-09-10,SEK,UYU,buy,3.780082
2019-09-10,SEK,UYU,sell,3.780082
2019-09-10,TRY,UYU,buy,6.345392
2019-09-10,TRY,UYU,sell,6.345392
2019-09-10,USD,UYU,buy,36.598
2019-09-10,USD,UYU,sell,36.598
2019-09-10,VES,UYU,buy,0.001787
2019-09-10,VES,UYU,sell,0.001787
2019-09-10,XDR,UYU,buy,50.116935
2019-09-10,XDR,UYU,sell,50.116935
2019-09-10,ZAR,UYU,buy,2.496606
2019-09-10,ZAR,UYU,sell,2.496606
2019-09-11,ARS,UYU,buy,0.650166
2019-09-11,ARS,UYU,sell,0.650166
2019-09-11,AUD,UYU,buy,25.054778
2019-09-11,AUD,UYU,sell,25.054778
2019-09-11,BRL,UYU,buy,8.988286
2019-09-11,BRL,UYU,sell,8.988286
2019-09-11,CAD,UYU,buy,27.680473
2019-09-11,CAD,UYU,sell,27.680473
2019-09-11,CHF,UYU,buy,36.778611
2019-09-11,CHF,UYU,sell,36.778611
2019-09-11,CLP,UYU,buy,0.051056
2019-09-11,CLP,UYU,sell,0.051056
2019-09-11,CNY,UYU,buy,5.132663
2019-09-11,CNY,UYU,sell,5.132663
2019-09-11,COP,UYU,buy,0.01082
2019-09-11,COP,UYU,sell,0.01082
2019-09-11,DKK,UYU,buy,5.388582
2019-09-11,DKK,UYU,sell,5.388582
2019-09-11,EUR,UYU,buy,40.200866
2019-09-11,EUR,UYU,sell,40.200866
2019-09-11,GBP,UYU,buy,45.016424
2019-09-11,GBP,UYU,sell,45.016424
2019-09-11,HKD,UYU,buy,4.659408
2019-09-11,HKD,UYU,sell,4.659408
2019-09-11,HUF,UYU,buy,0.120949
2019-09-11,HUF,UYU,sell,0.120949
2019-09-11,INR,UYU,buy,0.509608
2019-09-11,INR,UYU,sell,0.509608
2019-09-11,ISK,UYU,buy,0.290164
2019-09-11,ISK,UYU,sell,0.290164
2019-09-11,JPY,UYU,buy,0.338819
2019-09-11,JPY,UYU,sell,0.338819
2019-09-11,KRW,UYU,buy,0.03067
2019-09-11,KRW,UYU,sell,0.03067
2019-09-11,MXN,UYU,buy,1.86914
2019-09-11,MXN,UYU,sell,1.86914
2019-09-11,MYR,UYU,buy,8.739651
2019-09-11,MYR,UYU,sell,8.739651
2019-09-11,NOK,UYU,buy,4.073932
2019-09-11,NOK,UYU,sell,4.073932
2019-09-11,NZD,UYU,buy,23.416721
2019-09-11,NZD,UYU,sell,23.416721
2019-09-11,PEN,UYU,buy,10.937486
2019-09-11,PEN,UYU,sell,10.937486
2019-09-11,PYG,UYU,buy,0.005765
2019-09-11,PYG,UYU,sell,0.005765
2019-09-11,RUB,UYU,buy,0.556928
2019-09-11,RUB,UYU,sell,0.556928
2019-09-11,SEK,UYU,buy,3.771888
2019-09-11,SEK,UYU,sell,3.771888
2019-09-11,TRY,UYU,buy,6.349231
2019-09-11,TRY,UYU,sell,6.349231
2019-09-11,USD,UYU,buy,36.541
2019-09-11,USD,UYU,sell,36.541
2019-09-11,VES,UYU,buy,0.001726
2019-09-11,VES,UYU,sell,0.001726
2019-09-11,XDR,UYU,buy,49.962003
2019-09-11,XDR,UYU,sell,49.962003
2019-09-11,ZAR,UYU,buy,2.481646
2019-09-11,ZAR,UYU,sell,2.481646
2019-09-12,ARS,UYU,buy,0.649409
2019-09-12,ARS,UYU,sell,0.649409
2019-09-12,AUD,UYU,buy,25.016984
2019-09-12,AUD,UYU,sell,25.016984
2019-09-12,BRL,UYU,buy,8.981885
2019-09-12,BRL,UYU,sell,8.981885
2019-09-12,CAD,UYU,buy,27.574623
2019-09-12,CAD,UYU,sell,27.574623
2019-09-12,CHF,UYU,buy,36.769409
2019-09-12,CHF,UYU,sell,36.769409
2019-09-12,CLP,UYU,buy,0.051342
2019-09-12,CLP,UYU,sell,0.051342
2019-09-12,CNY,UYU,buy,5.147894
2019-09-12,CNY,UYU,sell,5.147894
2019-09-12,COP,UYU,buy,0.010828
2019-09-12,COP,UYU,sell,0.010828
2019-09-12,DKK,UYU,buy,5.403915
2019-09-12,DKK,UYU,sell,5.403915
2019-09-12,EUR,UYU,buy,40.330753
2019-09-12,EUR,UYU,sell,40.330753
2019-09-12,GBP,UYU,buy,44.973718
2019-09-12,GBP,UYU,sell,44.973718
2019-09-12,HKD,UYU,buy,4.657678
2019-09-12,HKD,UYU,sell,4.657678
2019-09-12,HUF,UYU,buy,0.121288
2019-09-12,HUF,UYU,sell,0.121288
2019-09-12,INR,UYU,buy,0.512322
2019-09-12,INR,UYU,sell,0.512322
2019-09-12,ISK,UYU,buy,0.29161
2019-09-12,ISK,UYU,sell,0.29161
2019-09-12,JPY,UYU,buy,0.33693
2019-09-12,JPY,UYU,sell,0.33693
2019-09-12,KRW,UYU,buy,0.030712
2019-09-12,KRW,UYU,sell,0.030712
2019-09-12,MXN,UYU,buy,1.877362
2019-09-12,MXN,UYU,sell,1.877362
2019-09-12,MYR,UYU,buy,8.75006
2019-09-12,MYR,UYU,sell,8.75006
2019-09-12,NOK,UYU,buy,4.06093
2019-09-12,NOK,UYU,sell,4.06093
2019-09-12,NZD,UYU,buy,23.34056
2019-09-12,NZD,UYU,sell,23.34056
2019-09-12,PEN,UYU,buy,10.960437
2019-09-12,PEN,UYU,sell,10.960437
2019-09-12,PYG,UYU,buy,0.005748
2019-09-12,PYG,UYU,sell,0.005748
2019-09-12,RUB,UYU,buy,0.562987
2019-09-12,RUB,UYU,sell,0.562987
2019-09-12,SEK,UYU,buy,3.786095
2019-09-12,SEK,UYU,sell,3.786095
2019-09-12,TRY,UYU,buy,6.436765
2019-09-12,TRY,UYU,sell,6.436765
2019-09-12,USD,UYU,buy,36.462
2019-09-12,USD,UYU,sell,36.462
2019-09-12,VES,UYU,buy,0.001719
2019-09-12,VES,UYU,sell,0.001719
2019-09-12,XDR,UYU,buy,49.881996
2019-09-12,XDR,UYU,sell,49.881996
2019-09-12,ZAR,UYU,buy,2.49696
2019-09-12,ZAR,UYU,sell,2.49696
2019-09-13,ARS,UYU,buy,0.649519
2019-09-13,ARS,UYU,sell,0.649519
2019-09-13,AUD,UYU,buy,25.076465
2019-09-13,AUD,UYU,sell,25.076465
2019-09-13,BRL,UYU,buy,8.915931
2019-09-13,BRL,UYU,sell,8.915931
2019-09-13,CAD,UYU,buy,27.454244
2019-09-13,CAD,UYU,sell,27.454244
2019-09-13,CHF,UYU,buy,36.802464
2019-09-13,CHF,UYU,sell,36.802464
2019-09-13,CLP,UYU,buy,0.051552
2019-09-13,CLP,UYU,sell,0.051552
2019-09-13,CNY,UYU,buy,5.149392
2019-09-13,CNY,UYU,sell,5.149392
2019-09-13,COP,UYU,buy,0.010837
2019-09-13,COP,UYU,sell,0.010837
2019-09-13,DKK,UYU,buy,5.404752
2019-09-13,DKK,UYU,sell,5.404752
2019-09-13,EUR,UYU,buy,40.356725
2019-09-13,EUR,UYU,sell,40.356725
2019-09-13,GBP,UYU,buy,45.503606
2019-09-13,GBP,UYU,sell,45.503606
2019-09-13,HKD,UYU,buy,4.660836
2019-09-13,HKD,UYU,sell,4.660836
2019-09-13,HUF,UYU,buy,0.121865
2019-09-13,HUF,UYU,sell,0.121865
2019-09-13,INR,UYU,buy,0.513919
2019-09-13,INR,UYU,sell,0.513919
2019-09-13,ISK,UYU,buy,0.292638
2019-09-13,ISK,UYU,sell,0.292638
2019-09-13,JPY,UYU,buy,0.337119
2019-09-13,JPY,UYU,sell,0.337119
2019-09-13,KRW,UYU,buy,0.030974
2019-09-13,KRW,UYU,sell,0.030974
2019-09-13,MXN,UYU,buy,1.874786
2019-09-13,MXN,UYU,sell,1.874786
2019-09-13,MYR,UYU,buy,8.751215
2019-09-13,MYR,UYU,sell,8.751215
2019-09-13,NOK,UYU,buy,4.056263
2019-09-13,NOK,UYU,sell,4.056263
2019-09-13,NZD,UYU,buy,23.23569
2019-09-13,NZD,UYU,sell,23.23569
2019-09-13,PEN,UYU,buy,10.979217
2019-09-13,PEN,UYU,sell,10.979217
2019-09-13,PYG,UYU,buy,0.005749
2019-09-13,PYG,UYU,sell,0.005749
2019-09-13,RUB,UYU,buy,0.566349
2019-09-13,RUB,UYU,sell,0.566349
2019-09-13,SEK,UYU,buy,3.791312
2019-09-13,SEK,UYU,sell,3.791312
2019-09-13,TRY,UYU,buy,6.410827
2019-09-13,TRY,UYU,sell,6.410827
2019-09-13,USD,UYU,buy,36.469
2019-09-13,USD,UYU,sell,36.469
2019-09-13,VES,UYU,buy,0.001702
2019-09-13,VES,UYU,sell,0.001702
2019-09-13,XDR,UYU,buy,50.05342
2019-09-13,XDR,UYU,sell,50.05342
2019-09-13,ZAR,UYU,buy,2.498869
2019-09-13,ZAR,UYU,sell,2.498869
2019-09-16,ARS,UYU,buy,0.651223
2019-09-16,ARS,UYU,sell,0.651223
2019-09-16,AUD,UYU,buy,25.165267
2019-09-16,AUD,UYU,sell,25.165267
2019-09-16,BRL,UYU,buy,8.961714
2019-09-16,BRL,UYU,sell,8.961714
2019-09-16,CAD,UYU,buy,27.671512
2019-09-16,CAD,UYU,sell,27.671512
2019-09-16,CHF,UYU,buy,36.933931
2019-09-16,CHF,UYU,sell,36.933931
2019-09-16,CLP,UYU,buy,0.051669
2019-09-16,CLP,UYU,sell,0.051669
2019-09-16,CNY,UYU,buy,5.185007
2019-09-16,CNY,UYU,sell,5.185007
2019-09-16,COP,UYU,buy,0.010893
2019-09-16,COP,UYU,sell,0.010893
2019-09-16,DKK,UYU,buy,5.402648
2019-09-16,DKK,UYU,sell,5.402648
2019-09-16,EUR,UYU,buy,40.343212
2019-09-16,EUR,UYU,sell,40.343212
2019-09-16,GBP,UYU,buy,45.544828
2019-09-16,GBP,UYU,sell,45.544828
2019-09-16,HKD,UYU,buy,4.686653
2019-09-16,HKD,UYU,sell,4.686653
2019-09-16,HUF,UYU,buy,0.121479
2019-09-16,HUF,UYU,sell,0.121479
2019-09-16,INR,UYU,buy,0.511806
2019-09-16,INR,UYU,sell,0.511806
2019-09-16,ISK,UYU,buy,0.296209
2019-09-16,ISK,UYU,sell,0.296209
2019-09-16,JPY,UYU,buy,0.339218
2019-09-16,JPY,UYU,sell,0.339218
2019-09-16,KRW,UYU,buy,0.030973
2019-09-16,KRW,UYU,sell,0.030973
2019-09-16,MXN,UYU,buy,1.884747
2019-09-16,MXN,UYU,sell,1.884747
2019-09-16,MYR,UYU,buy,8.797551
2019-09-16,MYR,UYU,sell,8.797551
2019-09-16,NOK,UYU,buy,4.093341
2019-09-16,NOK,UYU,sell,4.093341
2019-09-16,NZD,UYU,buy,23.25245
2019-09-16,NZD,UYU,sell,23.25245
2019-09-16,PEN,UYU,buy,10.994299
2019-09-16,PEN,UYU,sell,10.994299
2019-09-16,PYG,UYU,buy,0.00578
2019-09-16,PYG,UYU,sell,0.00578
2019-09-16,RUB,UYU,buy,0.57309
2019-09-16,RUB,UYU,sell,0.57309
2019-09-16,SEK,UYU,buy,3.795005
2019-09-16,SEK,UYU,sell,3.795005
2019-09-16,TRY,UYU,buy,6.395448
2019-09-16,TRY,UYU,sell,6.395448
2019-09-16,USD,UYU,buy,36.662
2019-09-16,USD,UYU,sell,36.662
2019-09-16,VES,UYU,buy,0.001711
2019-09-16,VES,UYU,sell,0.001711
2019-09-16,XDR,UYU,buy,50.237092
2019-09-16,XDR,UYU,sell,50.237092
2019-09-16,ZAR,UYU,buy,2.499983
2019-09-16,ZAR,UYU,sell,2.499983
2019-09-17,ARS,UYU,buy,0.650465
2019-09-17,ARS,UYU,sell,0.650465
2019-09-17,AUD,UYU,buy,25.216478
2019-09-17,AUD,UYU,sell,25.216478
2019-09-17,BRL,UYU,buy,9.002229
2019-09-17,BRL,UYU,sell,9.002229
2019-09-17,CAD,UYU,buy,27.7312
2019-09-17,CAD,UYU,sell,27.7312
2019-09-17,CHF,UYU,buy,36.979119
2019-09-17,CHF,UYU,sell,36.979119
2019-09-17,CLP,UYU,buy,0.051406
2019-09-17,CLP,UYU,sell,0.051406
2019-09-17,CNY,UYU,buy,5.181467
2019-09-17,CNY,UYU,sell,5.181467
2019-09-17,COP,UYU,buy,0.010856
2019-09-17,COP,UYU,sell,0.010856
2019-09-17,DKK,UYU,buy,5.4456
2019-09-17,DKK,UYU,sell,5.4456
2019-09-17,EUR,UYU,buy,40.665337
2019-09-17,EUR,UYU,sell,40.665337
2019-09-17,GBP,UYU,buy,45.944187
2019-09-17,GBP,UYU,sell,45.944187
2019-09-17,HKD,UYU,buy,4.698241
2019-09-17,HKD,UYU,sell,4.698241
2019-09-17,HUF,UYU,buy,0.121928
2019-09-17,HUF,UYU,sell,0.121928
2019-09-17,INR,UYU,buy,0.5119
2019-09-17,INR,UYU,sell,0.5119
2019-09-17,ISK,UYU,buy,0.297687
2019-09-17,ISK,UYU,sell,0.297687
2019-09-17,JPY,UYU,buy,0.33963
2019-09-17,JPY,UYU,sell,0.33963
2019-09-17,KRW,UYU,buy,0.030864
2019-09-17,KRW,UYU,sell,0.030864
2019-09-17,MXN,UYU,buy,1.896284
2019-09-17,MXN,UYU,sell,1.896284
2019-09-17,MYR,UYU,buy,8.786133
2019-09-17,MYR,UYU,sell,8.786133
2019-09-17,NOK,UYU,buy,4.114357
2019-09-17,NOK,UYU,sell,4.114357
2019-09-17,NZD,UYU,buy,23.338655
2019-09-17,NZD,UYU,sell,23.338655
2019-09-17,PEN,UYU,buy,11.00569
2019-09-17,PEN,UYU,sell,11.00569
2019-09-17,PYG,UYU,buy,0.005785
2019-09-17,PYG,UYU,sell,0.005785
2019-09-17,RUB,UYU,buy,0.570479
2019-09-17,RUB,UYU,sell,0.570479
2019-09-17,SEK,UYU,buy,3.798125
2019-09-17,SEK,UYU,sell,3.798125
2019-09-17,TRY,UYU,buy,6.444361
2019-09-17,TRY,UYU,sell,6.444361
2019-09-17,USD,UYU,buy,36.766
2019-09-17,USD,UYU,sell,36.766
2019-09-17,VES,UYU,buy,0.001707
2019-09-17,VES,UYU,sell,0.001707
2019-09-17,XDR,UYU,buy,50.304337
2019-09-17,XDR,UYU,sell,50.304337
2019-09-17,ZAR,UYU,buy,2.497774
2019-09-17,ZAR,UYU,sell,2.497774
2019-09-18,ARS,UYU,buy,0.650138
2019-09-18,ARS,UYU,sell,0.650138
2019-09-18,AUD,UYU,buy,25.072268
2019-09-18,AUD,UYU,sell,25.072268
2019-09-18,BRL,UYU,buy,8.951908
2019-09-18,BRL,UYU,sell,8.951908
2019-09-18,CAD,UYU,buy,27.637458
2019-09-18,CAD,UYU,sell,27.637458
2019-09-18,CHF,UYU,buy,36.84902
2019-09-18,CHF,UYU,sell,36.84902
2019-09-18,CLP,UYU,buy,0.051293
2019-09-18,CLP,UYU,sell,0.051293
2019-09-18,CNY,UYU,buy,5.185436
2019-09-18,CNY,UYU,sell,5.185436
2019-09-18,COP,UYU,buy,0.01089
2019-09-18,COP,UYU,sell,0.01089
2019-09-18,DKK,UYU,buy,5.427795
2019-09-18,DKK,UYU,sell,5.427795
2019-09-18,EUR,UYU,buy,40.532306
2019-09-18,EUR,UYU,sell,40.532306
2019-09-18,GBP,UYU,buy,45.795884
2019-09-18,GBP,UYU,sell,45.795884
2019-09-18,HKD,UYU,buy,4.692391
2019-09-18,HKD,UYU,sell,4.692391
2019-09-18,HUF,UYU,buy,0.121705
2019-09-18,HUF,UYU,sell,0.121705
2019-09-18,INR,UYU,buy,0.515814
2019-09-18,INR,UYU,sell,0.515814
2019-09-18,ISK,UYU,buy,0.296323
2019-09-18,ISK,UYU,sell,0.296323
2019-09-18,JPY,UYU,buy,0.339108
2019-09-18,JPY,UYU,sell,0.339108
2019-09-18,KRW,UYU,buy,0.03084
2019-09-18,KRW,UYU,sell,0.03084
2019-09-18,MXN,UYU,buy,1.894822
2019-09-18,MXN,UYU,sell,1.894822
2019-09-18,MYR,UYU,buy,8.778355
2019-09-18,MYR,UYU,sell,8.778355
2019-09-18,NOK,UYU,buy,4.101511
2019-09-18,NOK,UYU,sell,4.101511
2019-09-18,NZD,UYU,buy,23.196487
2019-09-18,NZD,UYU,sell,23.196487
2019-09-18,PEN,UYU,buy,10.965903
2019-09-18,PEN,UYU,sell,10.965903
2019-09-18,PYG,UYU,buy,0.005773
2019-09-18,PYG,UYU,sell,0.005773
2019-09-18,RUB,UYU,buy,0.570924
2019-09-18,RUB,UYU,sell,0.570924
2019-09-18,SEK,UYU,buy,3.776905
2019-09-18,SEK,UYU,sell,3.776905
2019-09-18,TRY,UYU,buy,6.463211
2019-09-18,TRY,UYU,sell,6.463211
2019-09-18,USD,UYU,buy,36.762
2019-09-18,USD,UYU,sell,36.762
2019-09-18,VES,UYU,buy,0.00185
2019-09-18,VES,UYU,sell,0.00185
2019-09-18,XDR,UYU,buy,50.351038
2019-09-18,XDR,UYU,sell,50.351038
2019-09-18,ZAR,UYU,buy,2.501728
2019-09-18,ZAR,UYU,sell,2.501728
2019-09-19,ARS,UYU,buy,0.649869
2019-09-19,ARS,UYU,sell,0.649869
2019-09-19,AUD,UYU,buy,25.021101
2019-09-19,AUD,UYU,sell,25.021101
2019-09-19,BRL,UYU,buy,8.866327
2019-09-19,BRL,UYU,sell,8.866327
2019-09-19,CAD,UYU,buy,27.740597
2019-09-19,CAD,UYU,sell,27.740597
2019-09-19,CHF,UYU,buy,37.08306
2019-09-19,CHF,UYU,sell,37.08306
2019-09-19,CLP,UYU,buy,0.051341
2019-09-19,CLP,UYU,sell,0.051341
2019-09-19,CNY,UYU,buy,5.180864
2019-09-19,CNY,UYU,sell,5.180864
2019-09-19,COP,UYU,buy,0.010861
2019-09-19,COP,UYU,sell,0.010861
2019-09-19,DKK,UYU,buy,5.44367
2019-09-19,DKK,UYU,sell,5.44367
2019-09-19,EUR,UYU,buy,40.646651
2019-09-19,EUR,UYU,sell,40.646651
2019-09-19,GBP,UYU,buy,46.11927
2019-09-19,GBP,UYU,sell,46.11927
2019-09-19,HKD,UYU,buy,4.69562
2019-09-19,HKD,UYU,sell,4.69562
2019-09-19,HUF,UYU,buy,0.122288
2019-09-19,HUF,UYU,sell,0.122288
2019-09-19,INR,UYU,buy,0.515471
2019-09-19,INR,UYU,sell,0.515471
2019-09-19,ISK,UYU,buy,0.296679
2019-09-19,ISK,UYU,sell,0.296679
2019-09-19,JPY,UYU,buy,0.340631
2019-09-19,JPY,UYU,sell,0.340631
2019-09-19,KRW,UYU,buy,0.030801
2019-09-19,KRW,UYU,sell,0.030801
2019-09-19,MXN,UYU,buy,1.892974
2019-09-19,MXN,UYU,sell,1.892974
2019-09-19,MYR,UYU,buy,8.772085
2019-09-19,MYR,UYU,sell,8.772085
2019-09-19,NOK,UYU,buy,4.099802
2019-09-19,NOK,UYU,sell,4.099802
2019-09-19,NZD,UYU,buy,23.201184
2019-09-19,NZD,UYU,sell,23.201184
2019-09-19,PEN,UYU,buy,10.958079
2019-09-19,PEN,UYU,sell,10.958079
2019-09-19,PYG,UYU,buy,0.005755
2019-09-19,PYG,UYU,sell,0.005755
2019-09-19,RUB,UYU,buy,0.574949
2019-09-19,RUB,UYU,sell,0.574949
2019-09-19,SEK,UYU,buy,3.799259
2019-09-19,SEK,UYU,sell,3.799259
2019-09-19,TRY,UYU,buy,6.441587
2019-09-19,TRY,UYU,sell,6.441587
2019-09-19,USD,UYU,buy,36.784
2019-09-19,USD,UYU,sell,36.784
2019-09-19,VES,UYU,buy,0.001855
2019-09-19,VES,UYU,sell,0.001855
2019-09-19,XDR,UYU,buy,50.410966
2019-09-19,XDR,UYU,sell,50.410966
2019-09-19,ZAR,UYU,buy,2.487871
2019-09-19,ZAR,UYU,sell,2.487871
2019-09-20,ARS,UYU,buy,0.649013
2019-09-20,ARS,UYU,sell,0.649013
2019-09-20,AUD,UYU,buy,24.878964
2019-09-20,AUD,UYU,sell,24.878964
2019-09-20,BRL,UYU,buy,8.842935
2019-09-20,BRL,UYU,sell,8.842935
2019-09-20,CAD,UYU,buy,27.702158
2019-09-20,CAD,UYU,sell,27.702158
2019-09-20,CHF,UYU,buy,37.081926
2019-09-20,CHF,UYU,sell,37.081926
2019-09-20,CLP,UYU,buy,0.051254
2019-09-20,CLP,UYU,sell,0.051254
2019-09-20,CNY,UYU,buy,5.186366
2019-09-20,CNY,UYU,sell,5.186366
2019-09-20,COP,UYU,buy,0.010763
2019-09-20,COP,UYU,sell,0.010763
2019-09-20,DKK,UYU,buy,5.424229
2019-09-20,DKK,UYU,sell,5.424229
2019-09-20,EUR,UYU,buy,40.503248
2019-09-20,EUR,UYU,sell,40.503248
2019-09-20,GBP,UYU,buy,45.887254
2019-09-20,GBP,UYU,sell,45.887254
2019-09-20,HKD,UYU,buy,4.692013
2019-09-20,HKD,UYU,sell,4.692013
2019-09-20,HUF,UYU,buy,0.121399
2019-09-20,HUF,UYU,sell,0.121399
2019-09-20,INR,UYU,buy,0.518373
2019-09-20,INR,UYU,sell,0.518373
2019-09-20,ISK,UYU,buy,0.295141
2019-09-20,ISK,UYU,sell,0.295141
2019-09-20,JPY,UYU,buy,0.341673
2019-09-20,JPY,UYU,sell,0.341673
2019-09-20,KRW,UYU,buy,0.030952
2019-09-20,KRW,UYU,sell,0.030952
2019-09-20,MXN,UYU,buy,1.89002
2019-09-20,MXN,UYU,sell,1.89002
2019-09-20,MYR,UYU,buy,8.822887
2019-09-20,MYR,UYU,sell,8.822887
2019-09-20,NOK,UYU,buy,4.058848
2019-09-20,NOK,UYU,sell,4.058848
2019-09-20,NZD,UYU,buy,23.01626
2019-09-20,NZD,UYU,sell,23.01626
2019-09-20,PEN,UYU,buy,10.948497
2019-09-20,PEN,UYU,sell,10.948497
2019-09-20,PYG,UYU,buy,0.005748
2019-09-20,PYG,UYU,sell,0.005748
2019-09-20,RUB,UYU,buy,0.574449
2019-09-20,RUB,UYU,sell,0.574449
2019-09-20,SEK,UYU,buy,3.782547
2019-09-20,SEK,UYU,sell,3.782547
2019-09-20,TRY,UYU,buy,6.402507
2019-09-20,TRY,UYU,sell,6.402507
2019-09-20,USD,UYU,buy,36.794
2019-09-20,USD,UYU,sell,36.794
2019-09-20,VES,UYU,buy,0.001853
2019-09-20,VES,UYU,sell,0.001853
2019-09-20,XDR,UYU,buy,50.413644
2019-09-20,XDR,UYU,sell,50.413644
2019-09-20,ZAR,UYU,buy,2.462676
2019-09-20,ZAR,UYU,sell,2.462676
2019-09-23,ARS,UYU,buy,0.645575
2019-09-23,ARS,UYU,sell,0.645575
2019-09-23,AUD,UYU,buy,24.8871
2019-09-23,AUD,UYU,sell,24.8871
2019-09-23,BRL,UYU,buy,8.811999
2019-09-23,BRL,UYU,sell,8.811999
2019-09-23,CAD,UYU,buy,27.707619
2019-09-23,CAD,UYU,sell,27.707619
2019-09-23,CHF,UYU,buy,37.115589
2019-09-23,CHF,UYU,sell,37.115589
2019-09-23,CLP,UYU,buy,0.05087
2019-09-23,CLP,UYU,sell,0.05087
2019-09-23,CNY,UYU,buy,5.162967
2019-09-23,CNY,UYU,sell,5.162967
2019-09-23,COP,UYU,buy,0.010692
2019-09-23,COP,UYU,sell,0.010692
2019-09-23,DKK,UYU,buy,5.410379
2019-09-23,DKK,UYU,sell,5.410379
2019-09-23,EUR,UYU,buy,40.40295
2019-09-23,EUR,UYU,sell,40.40295
2019-09-23,GBP,UYU,buy,45.689438
2019-09-23,GBP,UYU,sell,45.689438
2019-09-23,HKD,UYU,buy,4.688457
2019-09-23,HKD,UYU,sell,4.688457
2019-09-23,HUF,UYU,buy,0.120527
2019-09-23,HUF,UYU,sell,0.120527
2019-09-23,INR,UYU,buy,0.518107
2019-09-23,INR,UYU,sell,0.518107
2019-09-23,ISK,UYU,buy,0.294483
2019-09-23,ISK,UYU,sell,0.294483
2019-09-23,JPY,UYU,buy,0.34186
2019-09-23,JPY,UYU,sell,0.34186
2019-09-23,KRW,UYU,buy,0.030777
2019-09-23,KRW,UYU,sell,0.030777
2019-09-23,MXN,UYU,buy,1.885848
2019-09-23,MXN,UYU,sell,1.885848
2019-09-23,MYR,UYU,buy,8.792918
2019-09-23,MYR,UYU,sell,8.792918
2019-09-23,NOK,UYU,buy,4.062075
2019-09-23,NOK,UYU,sell,4.062075
2019-09-23,NZD,UYU,buy,23.132288
2019-09-23,NZD,UYU,sell,23.132288
2019-09-23,PEN,UYU,buy,10.952658
2019-09-23,PEN,UYU,sell,10.952658
2019-09-23,PYG,UYU,buy,0.005751
2019-09-23,PYG,UYU,sell,0.005751
2019-09-23,RUB,UYU,buy,0.575531
2019-09-23,RUB,UYU,sell,0.575531
2019-09-23,SEK,UYU,buy,3.78394
2019-09-23,SEK,UYU,sell,3.78394
2019-09-23,TRY,UYU,buy,6.420672
2019-09-23,TRY,UYU,sell,6.420672
2019-09-23,USD,UYU,buy,36.768
2019-09-23,USD,UYU,sell,36.768
2019-09-23,VES,UYU,buy,0.001866
2019-09-23,VES,UYU,sell,0.001866
2019-09-23,XDR,UYU,buy,50.264445
2019-09-23,XDR,UYU,sell,50.264445
2019-09-23,ZAR,UYU,buy,2.468182
2019-09-23,ZAR,UYU,sell,2.468182
2019-09-24,ARS,UYU,buy,0.646726
2019-09-24,ARS,UYU,sell,0.646726
2019-09-24,AUD,UYU,buy,25.020199
2019-09-24,AUD,UYU,sell,25.020199
2019-09-24,BRL,UYU,buy,8.82336
2019-09-24,BRL,UYU,sell,8.82336
2019-09-24,CAD,UYU,buy,27.791501
2019-09-24,CAD,UYU,sell,27.791501
2019-09-24,CHF,UYU,buy,37.328395
2019-09-24,CHF,UYU,sell,37.328395
2019-09-24,CLP,UYU,buy,0.050812
2019-09-24,CLP,UYU,sell,0.050812
2019-09-24,CNY,UYU,buy,5.169608
2019-09-24,CNY,UYU,sell,5.169608
2019-09-24,COP,UYU,buy,0.010708
2019-09-24,COP,UYU,sell,0.010708
2019-09-24,DKK,UYU,buy,5.42983
2019-09-24,DKK,UYU,sell,5.42983
2019-09-24,EUR,UYU,buy,40.539639
2019-09-24,EUR,UYU,sell,40.539639
2019-09-24,GBP,UYU,buy,45.960498
2019-09-24,GBP,UYU,sell,45.960498
2019-09-24,HKD,UYU,buy,4.692085
2019-09-24,HKD,UYU,sell,4.692085
2019-09-24,HUF,UYU,buy,0.1215
2019-09-24,HUF,UYU,sell,0.1215
2019-09-24,INR,UYU,buy,0.518036
2019-09-24,INR,UYU,sell,0.518036
2019-09-24,ISK,UYU,buy,0.295494
2019-09-24,ISK,UYU,sell,0.295494
2019-09-24,JPY,UYU,buy,0.34371
2019-09-24,JPY,UYU,sell,0.34371
2019-09-24,KRW,UYU,buy,0.03077
2019-09-24,KRW,UYU,sell,0.03077
2019-09-24,MXN,UYU,buy,1.890761
2019-09-24,MXN,UYU,sell,1.890761
2019-09-24,MYR,UYU,buy,8.798039
2019-09-24,MYR,UYU,sell,8.798039
2019-09-24,NOK,UYU,buy,4.085057
2019-09-24,NOK,UYU,sell,4.085057
2019-09-24,NZD,UYU,buy,23.292955
2019-09-24,NZD,UYU,sell,23.292955
2019-09-24,PEN,UYU,buy,11.008738
2019-09-24,PEN,UYU,sell,11.008738
2019-09-24,PYG,UYU,buy,0.005776
2019-09-24,PYG,UYU,sell,0.005776
2019-09-24,RUB,UYU,buy,0.575448
2019-09-24,RUB,UYU,sell,0.575448
2019-09-24,SEK,UYU,buy,3.806179
2019-09-24,SEK,UYU,sell,3.806179
2019-09-24,TRY,UYU,buy,6.457836
2019-09-24,TRY,UYU,sell,6.457836
2019-09-24,USD,UYU,buy,36.789
2019-09-24,USD,UYU,sell,36.789
2019-09-24,VES,UYU,buy,0.001863
2019-09-24,VES,UYU,sell,0.001863
2019-09-24,XDR,UYU,buy,50.330663
2019-09-24,XDR,UYU,sell,50.330663
2019-09-24,ZAR,UYU,buy,2.473401
2019-09-24,ZAR,UYU,sell,2.473401
2019-09-25,ARS,UYU,buy,0.646296
2019-09-25,ARS,UYU,sell,0.646296
2019-09-25,AUD,UYU,buy,24.910596
2019-09-25,AUD,UYU,sell,24.910596
2019-09-25,BRL,UYU,buy,8.878297
2019-09-25,BRL,UYU,sell,8.878297
2019-09-25,CAD,UYU,buy,27.822413
2019-09-25,CAD,UYU,sell,27.822413
2019-09-25,CHF,UYU,buy,37.179293
2019-09-25,CHF,UYU,sell,37.179293
2019-09-25,CLP,UYU,buy,0.050683
2019-09-25,CLP,UYU,sell,0.050683
2019-09-25,CNY,UYU,buy,5.171423
2019-09-25,CNY,UYU,sell,5.171423
2019-09-25,COP,UYU,buy,0.010742
2019-09-25,COP,UYU,sell,0.010742
2019-09-25,DKK,UYU,buy,5.405802
2019-09-25,DKK,UYU,sell,5.405802
2019-09-25,EUR,UYU,buy,40.361472
2019-09-25,EUR,UYU,sell,40.361472
2019-09-25,GBP,UYU,buy,45.559708
2019-09-25,GBP,UYU,sell,45.559708
2019-09-25,HKD,UYU,buy,4.705012
2019-09-25,HKD,UYU,sell,4.705012
2019-09-25,HUF,UYU,buy,0.120775
2019-09-25,HUF,UYU,sell,0.120775
2019-09-25,INR,UYU,buy,0.519153
2019-09-25,INR,UYU,sell,0.519153
2019-09-25,ISK,UYU,buy,0.297659
2019-09-25,ISK,UYU,sell,0.297659
2019-09-25,JPY,UYU,buy,0.342099
2019-09-25,JPY,UYU,sell,0.342099
2019-09-25,KRW,UYU,buy,0.030764
2019-09-25,KRW,UYU,sell,0.030764
2019-09-25,MXN,UYU,buy,1.887159
2019-09-25,MXN,UYU,sell,1.887159
2019-09-25,MYR,UYU,buy,8.798759
2019-09-25,MYR,UYU,sell,8.798759
2019-09-25,NOK,UYU,buy,4.074913
2019-09-25,NOK,UYU,sell,4.074913
2019-09-25,NZD,UYU,buy,23.136668
2019-09-25,NZD,UYU,sell,23.136668
2019-09-25,PEN,UYU,buy,11.006163
2019-09-25,PEN,UYU,sell,11.006163
2019-09-25,PYG,UYU,buy,0.005767
2019-09-25,PYG,UYU,sell,0.005767
2019-09-25,RUB,UYU,buy,0.574731
2019-09-25,RUB,UYU,sell,0.574731
2019-09-25,SEK,UYU,buy,3.783379
2019-09-25,SEK,UYU,sell,3.783379
2019-09-25,TRY,UYU,buy,6.491015
2019-09-25,TRY,UYU,sell,6.491015
2019-09-25,USD,UYU,buy,36.88
2019-09-25,USD,UYU,sell,36.88
2019-09-25,VES,UYU,buy,0.001868
2019-09-25,VES,UYU,sell,0.001868
2019-09-25,XDR,UYU,buy,50.454053
2019-09-25,XDR,UYU,sell,50.454053
2019-09-25,ZAR,UYU,buy,2.462648
2019-09-25,ZAR,UYU,sell,2.462648
2019-09-26,ARS,UYU,buy,0.643429
2019-09-26,ARS,UYU,sell,0.643429
2019-09-26,AUD,UYU,buy,24.860984
2019-09-26,AUD,UYU,sell,24.860984
2019-09-26,BRL,UYU,buy,8.843511
2019-09-26,BRL,UYU,sell,8.843511
2019-09-26,CAD,UYU,buy,27.754363
2019-09-26,CAD,UYU,sell,27.754363
2019-09-26,CHF,UYU,buy,37.065901
2019-09-26,CHF,UYU,sell,37.065901
2019-09-26,CLP,UYU,buy,0.050621
2019-09-26,CLP,UYU,sell,0.050621
2019-09-26,CNY,UYU,buy,5.161164
2019-09-26,CNY,UYU,sell,5.161164
2019-09-26,COP,UYU,buy,0.010678
2019-09-26,COP,UYU,sell,0.010678
2019-09-26,DKK,UYU,buy,5.387503
2019-09-26,DKK,UYU,sell,5.387503
2019-09-26,EUR,UYU,buy,40.228154
2019-09-26,EUR,UYU,sell,40.228154
2019-09-26,GBP,UYU,buy,45.387355
2019-09-26,GBP,UYU,sell,45.387355
2019-09-26,HKD,UYU,buy,4.697146
2019-09-26,HKD,UYU,sell,4.697146
2019-09-26,HUF,UYU,buy,0.119917
2019-09-26,HUF,UYU,sell,0.119917
2019-09-26,INR,UYU,buy,0.519348
2019-09-26,INR,UYU,sell,0.519348
2019-09-26,ISK,UYU,buy,0.296692
2019-09-26,ISK,UYU,sell,0.296692
2019-09-26,JPY,UYU,buy,0.341405
2019-09-26,JPY,UYU,sell,0.341405
2019-09-26,KRW,UYU,buy,0.030707
2019-09-26,KRW,UYU,sell,0.030707
2019-09-26,MXN,UYU,buy,1.874801
2019-09-26,MXN,UYU,sell,1.874801
2019-09-26,MYR,UYU,buy,8.777301
2019-09-26,MYR,UYU,sell,8.777301
2019-09-26,NOK,UYU,buy,4.055034
2019-09-26,NOK,UYU,sell,4.055034
2019-09-26,NZD,UYU,buy,23.204444
2019-09-26,NZD,UYU,sell,23.204444
2019-09-26,PEN,UYU,buy,10.878572
2019-09-26,PEN,UYU,sell,10.878572
2019-09-26,PYG,UYU,buy,0.00576
2019-09-26,PYG,UYU,sell,0.00576
2019-09-26,RUB,UYU,buy,0.573515
2019-09-26,RUB,UYU,sell,0.573515
2019-09-26,SEK,UYU,buy,3.772282
2019-09-26,SEK,UYU,sell,3.772282
2019-09-26,TRY,UYU,buy,6.496426
2019-09-26,TRY,UYU,sell,6.496426
2019-09-26,USD,UYU,buy,36.812
2019-09-26,USD,UYU,sell,36.812
2019-09-26,VES,UYU,buy,0.00178
2019-09-26,VES,UYU,sell,0.00178
2019-09-26,XDR,UYU,buy,50.235864
2019-09-26,XDR,UYU,sell,50.235864
2019-09-26,ZAR,UYU,buy,2.448689
2019-09-26,ZAR,UYU,sell,2.448689
2019-09-27,ARS,UYU,buy,0.642827
2019-09-27,ARS,UYU,sell,0.642827
2019-09-27,AUD,UYU,buy,24.916804
2019-09-27,AUD,UYU,sell,24.916804
2019-09-27,BRL,UYU,buy,8.870781
2019-09-27,BRL,UYU,sell,8.870781
2019-09-27,CAD,UYU,buy,27.819424
2019-09-27,CAD,UYU,sell,27.819424
2019-09-27,CHF,UYU,buy,37.210077
2019-09-27,CHF,UYU,sell,37.210077
2019-09-27,CLP,UYU,buy,0.050703
2019-09-27,CLP,UYU,sell,0.050703
2019-09-27,CNY,UYU,buy,5.17374
2019-09-27,CNY,UYU,sell,5.17374
2019-09-27,COP,UYU,buy,0.010652
2019-09-27,COP,UYU,sell,0.010652
2019-09-27,DKK,UYU,buy,5.399691
2019-09-27,DKK,UYU,sell,5.399691
2019-09-27,EUR,UYU,buy,40.311309
2019-09-27,EUR,UYU,sell,40.311309
2019-09-27,GBP,UYU,buy,45.286194
2019-09-27,GBP,UYU,sell,45.286194
2019-09-27,HKD,UYU,buy,4.700622
2019-09-27,HKD,UYU,sell,4.700622
2019-09-27,HUF,UYU,buy,0.12022
2019-09-27,HUF,UYU,sell,0.12022
2019-09-27,INR,UYU,buy,0.522218
2019-09-27,INR,UYU,sell,0.522218
2019-09-27,ISK,UYU,buy,0.299273
2019-09-27,ISK,UYU,sell,0.299273
2019-09-27,JPY,UYU,buy,0.341703
2019-09-27,JPY,UYU,sell,0.341703
2019-09-27,KRW,UYU,buy,0.03071
2019-09-27,KRW,UYU,sell,0.03071
2019-09-27,MXN,UYU,buy,1.870481
2019-09-27,MXN,UYU,sell,1.870481
2019-09-27,MYR,UYU,buy,8.803918
2019-09-27,MYR,UYU,sell,8.803918
2019-09-27,NOK,UYU,buy,4.057855
2019-09-27,NOK,UYU,sell,4.057855
2019-09-27,NZD,UYU,buy,23.184807
2019-09-27,NZD,UYU,sell,23.184807
2019-09-27,PEN,UYU,buy,10.89541
2019-09-27,PEN,UYU,sell,10.89541
2019-09-27,PYG,UYU,buy,0.00577
2019-09-27,PYG,UYU,sell,0.00577
2019-09-27,RUB,UYU,buy,0.569754
2019-09-27,RUB,UYU,sell,0.569754
2019-09-27,SEK,UYU,buy,3.761899
2019-09-27,SEK,UYU,sell,3.761899
2019-09-27,TRY,UYU,buy,6.490766
2019-09-27,TRY,UYU,sell,6.490766
2019-09-27,USD,UYU,buy,36.851
2019-09-27,USD,UYU,sell,36.851
2019-09-27,VES,UYU,buy,0.001765
2019-09-27,VES,UYU,sell,0.001765
2019-09-27,XDR,UYU,buy,50.273977
2019-09-27,XDR,UYU,sell,50.273977
2019-09-27,ZAR,UYU,buy,2.43253
2019-09-27,ZAR,UYU,sell,2.43253
2019-09-30,ARS,UYU,buy,0.641386
2019-09-30,ARS,UYU,sell,0.641386
2019-09-30,AUD,UYU,buy,24.937519
2019-09-30,AUD,UYU,sell,24.937519
2019-09-30,BRL,UYU,buy,8.900535
2019-09-30,BRL,UYU,sell,8.900535
2019-09-30,CAD,UYU,buy,27.909033
2019-09-30,CAD,UYU,sell,27.909033
2019-09-30,CHF,UYU,buy,37.011172
2019-09-30,CHF,UYU,sell,37.011172
2019-09-30,CLP,UYU,buy,0.050695
2019-09-30,CLP,UYU,sell,0.050695
2019-09-30,CNY,UYU,buy,5.167522
2019-09-30,CNY,UYU,sell,5.167522
2019-09-30,COP,UYU,buy,0.010621
2019-09-30,COP,UYU,sell,0.010621
2019-09-30,DKK,UYU,buy,5.394366
2019-09-30,DKK,UYU,sell,5.394366
2019-09-30,EUR,UYU,buy,40.274592
2019-09-30,EUR,UYU,sell,40.274592
2019-09-30,GBP,UYU,buy,45.422041
2019-09-30,GBP,UYU,sell,45.422041
2019-09-30,HKD,UYU,buy,4.712298
2019-09-30,HKD,UYU,sell,4.712298
2019-09-30,HUF,UYU,buy,0.120344
2019-09-30,HUF,UYU,sell,0.120344
2019-09-30,INR,UYU,buy,0.521231
2019-09-30,INR,UYU,sell,0.521231
2019-09-30,ISK,UYU,buy,0.2981
2019-09-30,ISK,UYU,sell,0.2981
2019-09-30,JPY,UYU,buy,0.341759
2019-09-30,JPY,UYU,sell,0.341759
2019-09-30,KRW,UYU,buy,0.030876
2019-09-30,KRW,UYU,sell,0.030876
2019-09-30,MXN,UYU,buy,1.871471
2019-09-30,MXN,UYU,sell,1.871471
2019-09-30,MYR,UYU,buy,8.820727
2019-09-30,MYR,UYU,sell,8.820727
2019-09-30,NOK,UYU,buy,4.060458
2019-09-30,NOK,UYU,sell,4.060458
2019-09-30,NZD,UYU,buy,23.129355
2019-09-30,NZD,UYU,sell,23.129355
2019-09-30,PEN,UYU,buy,10.960965
2019-09-30,PEN,UYU,sell,10.960965
2019-09-30,PYG,UYU,buy,0.00579
2019-09-30,PYG,UYU,sell,0.00579
2019-09-30,RUB,UYU,buy,0.569146
2019-09-30,RUB,UYU,sell,0.569146
2019-09-30,SEK,UYU,buy,3.752762
2019-09-30,SEK,UYU,sell,3.752762
2019-09-30,TRY,UYU,buy,6.538397
2019-09-30,TRY,UYU,sell,6.538397
2019-09-30,USD,UYU,buy,36.939
2019-09-30,USD,UYU,sell,36.939
2019-09-30,VES,UYU,buy,0.001759
2019-09-30,VES,UYU,sell,0.001759
2019-09-30,XDR,UYU,buy,50.359308
2019-09-30,XDR,UYU,sell,50.359308
2019-09-30,ZAR,UYU,buy,2.437478
2019-09-30,ZAR,UYU,sell,2.437478
2019-10-01,ARS,UYU,buy,0.642123
2019-10-01,ARS,UYU,sell,0.642123
2019-10-01,AUD,UYU,buy,24.817377
2019-10-01,AUD,UYU,sell,24.817377
2019-10-01,BRL,UYU,buy,8.900537
2019-10-01,BRL,UYU,sell,8.900537
2019-10-01,CAD,UYU,buy,28.014834
2019-10-01,CAD,UYU,sell,28.014834
2019-10-01,CHF,UYU,buy,37.271308
2019-10-01,CHF,UYU,sell,37.271308
2019-10-01,CLP,UYU,buy,0.050794
2019-10-01,CLP,UYU,sell,0.050794
2019-10-01,CNY,UYU,buy,5.178294
2019-10-01,CNY,UYU,sell,5.178294
2019-10-01,COP,UYU,buy,0.010585
2019-10-01,COP,UYU,sell,0.010585
2019-10-01,DKK,UYU,buy,5.42212
2019-10-01,DKK,UYU,sell,5.42212
2019-10-01,EUR,UYU,buy,40.476996
2019-10-01,EUR,UYU,sell,40.476996
2019-10-01,GBP,UYU,buy,45.527829
2019-10-01,GBP,UYU,sell,45.527829
2019-10-01,HKD,UYU,buy,4.720134
2019-10-01,HKD,UYU,sell,4.720134
2019-10-01,HUF,UYU,buy,0.120715
2019-10-01,HUF,UYU,sell,0.120715
2019-10-01,INR,UYU,buy,0.520738
2019-10-01,INR,UYU,sell,0.520738
2019-10-01,ISK,UYU,buy,0.298733
2019-10-01,ISK,UYU,sell,0.298733
2019-10-01,JPY,UYU,buy,0.34352
2019-10-01,JPY,UYU,sell,0.34352
2019-10-01,KRW,UYU,buy,0.03087
2019-10-01,KRW,UYU,sell,0.03087
2019-10-01,MXN,UYU,buy,1.868066
2019-10-01,MXN,UYU,sell,1.868066
2019-10-01,MYR,UYU,buy,8.828047
2019-10-01,MYR,UYU,sell,8.828047
2019-10-01,NOK,UYU,buy,4.056792
2019-10-01,NOK,UYU,sell,4.056792
2019-10-01,NZD,UYU,buy,23.114641
2019-10-01,NZD,UYU,sell,23.114641
2019-10-01,PEN,UYU,buy,10.926587
2019-10-01,PEN,UYU,sell,10.926587
2019-10-01,PYG,UYU,buy,0.005785
2019-10-01,PYG,UYU,sell,0.005785
2019-10-01,RUB,UYU,buy,0.567068
2019-10-01,RUB,UYU,sell,0.567068
2019-10-01,SEK,UYU,buy,3.747981
2019-10-01,SEK,UYU,sell,3.747981
2019-10-01,TRY,UYU,buy,6.474328
2019-10-01,TRY,UYU,sell,6.474328
2019-10-01,USD,UYU,buy,37.016
2019-10-01,USD,UYU,sell,37.016
2019-10-01,VES,UYU,buy,0.001786
2019-10-01,VES,UYU,sell,0.001786
2019-10-01,XDR,UYU,buy,50.416532
2019-10-01,XDR,UYU,sell,50.416532
2019-10-01,ZAR,UYU,buy,2.416527
2019-10-01,ZAR,UYU,sell,2.416527
2019-10-02,ARS,UYU,buy,0.643155
2019-10-02,ARS,UYU,sell,0.643155
2019-10-02,AUD,UYU,buy,24.931872
2019-10-02,AUD,UYU,sell,24.931872
2019-10-02,BRL,UYU,buy,8.987721
2019-10-02,BRL,UYU,sell,8.987721
2019-10-02,CAD,UYU,buy,27.92535
2019-10-02,CAD,UYU,sell,27.92535
2019-10-02,CHF,UYU,buy,37.275325
2019-10-02,CHF,UYU,sell,37.275325
2019-10-02,CLP,UYU,buy,0.05125
2019-10-02,CLP,UYU,sell,0.05125
2019-10-02,CNY,UYU,buy,5.201796
2019-10-02,CNY,UYU,sell,5.201796
2019-10-02,COP,UYU,buy,0.010637
2019-10-02,COP,UYU,sell,0.010637
2019-10-02,DKK,UYU,buy,5.457761
2019-10-02,DKK,UYU,sell,5.457761
2019-10-02,EUR,UYU,buy,40.748086
2019-10-02,EUR,UYU,sell,40.748086
2019-10-02,GBP,UYU,buy,45.756771
2019-10-02,GBP,UYU,sell,45.756771
2019-10-02,HKD,UYU,buy,4.741134
2019-10-02,HKD,UYU,sell,4.741134
2019-10-02,HUF,UYU,buy,0.122055
2019-10-02,HUF,UYU,sell,0.122055
2019-10-02,INR,UYU,buy,0.523101
2019-10-02,INR,UYU,sell,0.523101
2019-10-02,ISK,UYU,buy,0.300283
2019-10-02,ISK,UYU,sell,0.300283
2019-10-02,JPY,UYU,buy,0.346882
2019-10-02,JPY,UYU,sell,0.346882
2019-10-02,KRW,UYU,buy,0.030834
2019-10-02,KRW,UYU,sell,0.030834
2019-10-02,MXN,UYU,buy,1.878426
2019-10-02,MXN,UYU,sell,1.878426
2019-10-02,MYR,UYU,buy,8.864942
2019-10-02,MYR,UYU,sell,8.864942
2019-10-02,NOK,UYU,buy,4.071077
2019-10-02,NOK,UYU,sell,4.071077
2019-10-02,NZD,UYU,buy,23.30879
2019-10-02,NZD,UYU,sell,23.30879
2019-10-02,PEN,UYU,buy,10.97035
2019-10-02,PEN,UYU,sell,10.97035
2019-10-02,PYG,UYU,buy,0.005805
2019-10-02,PYG,UYU,sell,0.005805
2019-10-02,RUB,UYU,buy,0.570254
2019-10-02,RUB,UYU,sell,0.570254
2019-10-02,SEK,UYU,buy,3.769113
2019-10-02,SEK,UYU,sell,3.769113
2019-10-02,TRY,UYU,buy,6.514423
2019-10-02,TRY,UYU,sell,6.514423
2019-10-02,USD,UYU,buy,37.184
2019-10-02,USD,UYU,sell,37.184
2019-10-02,VES,UYU,buy,0.001823
2019-10-02,VES,UYU,sell,0.001823
2019-10-02,XDR,UYU,buy,50.677702
2019-10-02,XDR,UYU,sell,50.677702
2019-10-02,ZAR,UYU,buy,2.43233
2019-10-02,ZAR,UYU,sell,2.43233
2019-10-03,ARS,UYU,buy,0.64374
2019-10-03,ARS,UYU,sell,0.64374
2019-10-03,AUD,UYU,buy,25.067777
2019-10-03,AUD,UYU,sell,25.067777
2019-10-03,BRL,UYU,buy,9.111206
2019-10-03,BRL,UYU,sell,9.111206
2019-10-03,CAD,UYU,buy,27.896297
2019-10-03,CAD,UYU,sell,27.896297
2019-10-03,CHF,UYU,buy,37.226255
2019-10-03,CHF,UYU,sell,37.226255
2019-10-03,CLP,UYU,buy,0.051815
2019-10-03,CLP,UYU,sell,0.051815
2019-10-03,CNY,UYU,buy,5.200677
2019-10-03,CNY,UYU,sell,5.200677
2019-10-03,COP,UYU,buy,0.010773
2019-10-03,COP,UYU,sell,0.010773
2019-10-03,DKK,UYU,buy,5.466335
2019-10-03,DKK,UYU,sell,5.466335
2019-10-03,EUR,UYU,buy,40.813672
2019-10-03,EUR,UYU,sell,40.813672
2019-10-03,GBP,UYU,buy,45.94396
2019-10-03,GBP,UYU,sell,45.94396
2019-10-03,HKD,UYU,buy,4.740718
2019-10-03,HKD,UYU,sell,4.740718
2019-10-03,HUF,UYU,buy,0.1229
2019-10-03,HUF,UYU,sell,0.1229
2019-10-03,INR,UYU,buy,0.524372
2019-10-03,INR,UYU,sell,0.524372
2019-10-03,ISK,UYU,buy,0.300765
2019-10-03,ISK,UYU,sell,0.300765
2019-10-03,JPY,UYU,buy,0.347862
2019-10-03,JPY,UYU,sell,0.347862
2019-10-03,KRW,UYU,buy,0.030848
2019-10-03,KRW,UYU,sell,0.030848
2019-10-03,MXN,UYU,buy,1.890206
2019-10-03,MXN,UYU,sell,1.890206
2019-10-03,MYR,UYU,buy,8.879971
2019-10-03,MYR,UYU,sell,8.879971
2019-10-03,NOK,UYU,buy,4.078149
2019-10-03,NOK,UYU,sell,4.078149
2019-10-03,NZD,UYU,buy,23.426456
2019-10-03,NZD,UYU,sell,23.426456
2019-10-03,PEN,UYU,buy,11.020336
2019-10-03,PEN,UYU,sell,11.020336
2019-10-03,PYG,UYU,buy,0.00581
2019-10-03,PYG,UYU,sell,0.00581
2019-10-03,RUB,UYU,buy,0.571322
2019-10-03,RUB,UYU,sell,0.571322
2019-10-03,SEK,UYU,buy,3.773868
2019-10-03,SEK,UYU,sell,3.773868
2019-10-03,TRY,UYU,buy,6.530239
2019-10-03,TRY,UYU,sell,6.530239
2019-10-03,USD,UYU,buy,37.176
2019-10-03,USD,UYU,sell,37.176
2019-10-03,VES,UYU,buy,0.001838
2019-10-03,VES,UYU,sell,0.001838
2019-10-03,XDR,UYU,buy,50.770148
2019-10-03,XDR,UYU,sell,50.770148
2019-10-03,ZAR,UYU,buy,2.455166
2019-10-03,ZAR,UYU,sell,2.455166
2019-10-04,ARS,UYU,buy,0.643508
2019-10-04,ARS,UYU,sell,0.643508
2019-10-04,AUD,UYU,buy,25.153085
2019-10-04,AUD,UYU,sell,25.153085
2019-10-04,BRL,UYU,buy,9.14869
2019-10-04,BRL,UYU,sell,9.14869
2019-10-04,CAD,UYU,buy,27.89533
2019-10-04,CAD,UYU,sell,27.89533
2019-10-04,CHF,UYU,buy,37.33206
2019-10-04,CHF,UYU,sell,37.33206
2019-10-04,CLP,UYU,buy,0.051923
2019-10-04,CLP,UYU,sell,0.051923
2019-10-04,CNY,UYU,buy,5.19718
2019-10-04,CNY,UYU,sell,5.19718
2019-10-04,COP,UYU,buy,0.010815
2019-10-04,COP,UYU,sell,0.010815
2019-10-04,DKK,UYU,buy,5.463583
2019-10-04,DKK,UYU,sell,5.463583
2019-10-04,EUR,UYU,buy,40.801086
2019-10-04,EUR,UYU,sell,40.801086
2019-10-04,GBP,UYU,buy,45.816471
2019-10-04,GBP,UYU,sell,45.816471
2019-10-04,HKD,UYU,buy,4.737893
2019-10-04,HKD,UYU,sell,4.737893
2019-10-04,HUF,UYU,buy,0.122694
2019-10-04,HUF,UYU,sell,0.122694
2019-10-04,INR,UYU,buy,0.524065
2019-10-04,INR,UYU,sell,0.524065
2019-10-04,ISK,UYU,buy,0.300234
2019-10-04,ISK,UYU,sell,0.300234
2019-10-04,JPY,UYU,buy,0.347709
2019-10-04,JPY,UYU,sell,0.347709
2019-10-04,KRW,UYU,buy,0.031048
2019-10-04,KRW,UYU,sell,0.031048
2019-10-04,MXN,UYU,buy,1.899088
2019-10-04,MXN,UYU,sell,1.899088
2019-10-04,MYR,UYU,buy,8.87718
2019-10-04,MYR,UYU,sell,8.87718
2019-10-04,NOK,UYU,buy,4.089313
2019-10-04,NOK,UYU,sell,4.089313
2019-10-04,NZD,UYU,buy,23.457141
2019-10-04,NZD,UYU,sell,23.457141
2019-10-04,PEN,UYU,buy,10.992884
2019-10-04,PEN,UYU,sell,10.992884
2019-10-04,PYG,UYU,buy,0.005796
2019-10-04,PYG,UYU,sell,0.005796
2019-10-04,RUB,UYU,buy,0.574679
2019-10-04,RUB,UYU,sell,0.574679
2019-10-04,SEK,UYU,buy,3.778196
2019-10-04,SEK,UYU,sell,3.778196
2019-10-04,TRY,UYU,buy,6.524301
2019-10-04,TRY,UYU,sell,6.524301
2019-10-04,USD,UYU,buy,37.151
2019-10-04,USD,UYU,sell,37.151
2019-10-04,VES,UYU,buy,0.001845
2019-10-04,VES,UYU,sell,0.001845
2019-10-04,XDR,UYU,buy,50.813652
2019-10-04,XDR,UYU,sell,50.813652
2019-10-04,ZAR,UYU,buy,2.469391
2019-10-04,ZAR,UYU,sell,2.469391
2019-10-07,ARS,UYU,buy,0.643538
2019-10-07,ARS,UYU,sell,0.643538
2019-10-07,AUD,UYU,buy,25.059553
2019-10-07,AUD,UYU,sell,25.059553
2019-10-07,BRL,UYU,buy,9.089777
2019-10-07,BRL,UYU,sell,9.089777
2019-10-07,CAD,UYU,buy,27.966337
2019-10-07,CAD,UYU,sell,27.966337
2019-10-07,CHF,UYU,buy,37.415431
2019-10-07,CHF,UYU,sell,37.415431
2019-10-07,CLP,UYU,buy,0.051828
2019-10-07,CLP,UYU,sell,0.051828
2019-10-07,CNY,UYU,buy,5.206693
2019-10-07,CNY,UYU,sell,5.206693
2019-10-07,COP,UYU,buy,0.010782
2019-10-07,COP,UYU,sell,0.010782
2019-10-07,DKK,UYU,buy,5.468638
2019-10-07,DKK,UYU,sell,5.468638
2019-10-07,EUR,UYU,buy,40.845992
2019-10-07,EUR,UYU,sell,40.845992
2019-10-07,GBP,UYU,buy,45.773787
2019-10-07,GBP,UYU,sell,45.773787
2019-10-07,HKD,UYU,buy,4.745475
2019-10-07,HKD,UYU,sell,4.745475
2019-10-07,HUF,UYU,buy,0.12252
2019-10-07,HUF,UYU,sell,0.12252
2019-10-07,INR,UYU,buy,0.524018
2019-10-07,INR,UYU,sell,0.524018
2019-10-07,ISK,UYU,buy,0.299236
2019-10-07,ISK,UYU,sell,0.299236
2019-10-07,JPY,UYU,buy,0.346917
2019-10-07,JPY,UYU,sell,0.346917
2019-10-07,KRW,UYU,buy,0.031103
2019-10-07,KRW,UYU,sell,0.031103
2019-10-07,MXN,UYU,buy,1.90115
2019-10-07,MXN,UYU,sell,1.90115
2019-10-07,MYR,UYU,buy,8.878049
2019-10-07,MYR,UYU,sell,8.878049
2019-10-07,NOK,UYU,buy,4.073794
2019-10-07,NOK,UYU,sell,4.073794
2019-10-07,NZD,UYU,buy,23.40889
2019-10-07,NZD,UYU,sell,23.40889
2019-10-07,PEN,UYU,buy,11.002261
2019-10-07,PEN,UYU,sell,11.002261
2019-10-07,PYG,UYU,buy,0.005813
2019-10-07,PYG,UYU,sell,0.005813
2019-10-07,RUB,UYU,buy,0.572856
2019-10-07,RUB,UYU,sell,0.572856
2019-10-07,SEK,UYU,buy,3.755872
2019-10-07,SEK,UYU,sell,3.755872
2019-10-07,TRY,UYU,buy,6.383774
2019-10-07,TRY,UYU,sell,6.383774
2019-10-07,USD,UYU,buy,37.219
2019-10-07,USD,UYU,sell,37.219
2019-10-07,VES,UYU,buy,0.001843
2019-10-07,VES,UYU,sell,0.001843
2019-10-07,XDR,UYU,buy,50.878745
2019-10-07,XDR,UYU,sell,50.878745
2019-10-07,ZAR,UYU,buy,2.451554
2019-10-07,ZAR,UYU,sell,2.451554
2019-10-08,ARS,UYU,buy,0.6435
2019-10-08,ARS,UYU,sell,0.6435
2019-10-08,AUD,UYU,buy,25.052425
2019-10-08,AUD,UYU,sell,25.052425
2019-10-08,BRL,UYU,buy,9.109708
2019-10-08,BRL,UYU,sell,9.109708
2019-10-08,CAD,UYU,buy,27.946697
2019-10-08,CAD,UYU,sell,27.946697
2019-10-08,CHF,UYU,buy,37.474203
2019-10-08,CHF,UYU,sell,37.474203
2019-10-08,CLP,UYU,buy,0.051366
2019-10-08,CLP,UYU,sell,0.051366
2019-10-08,CNY,UYU,buy,5.210375
2019-10-08,CNY,UYU,sell,5.210375
2019-10-08,COP,UYU,buy,0.010777
2019-10-08,COP,UYU,sell,0.010777
2019-10-08,DKK,UYU,buy,5.461174
2019-10-08,DKK,UYU,sell,5.461174
2019-10-08,EUR,UYU,buy,40.789294
2019-10-08,EUR,UYU,sell,40.789294
2019-10-08,GBP,UYU,buy,45.481505
2019-10-08,GBP,UYU,sell,45.481505
2019-10-08,HKD,UYU,buy,4.745393
2019-10-08,HKD,UYU,sell,4.745393
2019-10-08,HUF,UYU,buy,0.122105
2019-10-08,HUF,UYU,sell,0.122105
2019-10-08,INR,UYU,buy,0.524102
2019-10-08,INR,UYU,sell,0.524102
2019-10-08,ISK,UYU,buy,0.297182
2019-10-08,ISK,UYU,sell,0.297182
2019-10-08,JPY,UYU,buy,0.347524
2019-10-08,JPY,UYU,sell,0.347524
2019-10-08,KRW,UYU,buy,0.031196
2019-10-08,KRW,UYU,sell,0.031196
2019-10-08,MXN,UYU,buy,1.896525
2019-10-08,MXN,UYU,sell,1.896525
2019-10-08,MYR,UYU,buy,8.88001
2019-10-08,MYR,UYU,sell,8.88001
2019-10-08,NOK,UYU,buy,4.065707
2019-10-08,NOK,UYU,sell,4.065707
2019-10-08,NZD,UYU,buy,23.442444
2019-10-08,NZD,UYU,sell,23.442444
2019-10-08,PEN,UYU,buy,11.006801
2019-10-08,PEN,UYU,sell,11.006801
2019-10-08,PYG,UYU,buy,0.005815
2019-10-08,PYG,UYU,sell,0.005815
2019-10-08,RUB,UYU,buy,0.571235
2019-10-08,RUB,UYU,sell,0.571235
2019-10-08,SEK,UYU,buy,3.744367
2019-10-08,SEK,UYU,sell,3.744367
2019-10-08,TRY,UYU,buy,6.38245
2019-10-08,TRY,UYU,sell,6.38245
2019-10-08,USD,UYU,buy,37.225
2019-10-08,USD,UYU,sell,37.225
2019-10-08,VES,UYU,buy,0.001853
2019-10-08,VES,UYU,sell,0.001853
2019-10-08,XDR,UYU,buy,50.856051
2019-10-08,XDR,UYU,sell,50.856051
2019-10-08,ZAR,UYU,buy,2.432999
2019-10-08,ZAR,UYU,sell,2.432999
2019-10-09,ARS,UYU,buy,0.641779
2019-10-09,ARS,UYU,sell,0.641779
2019-10-09,AUD,UYU,buy,25.03184
2019-10-09,AUD,UYU,sell,25.03184
2019-10-09,BRL,UYU,buy,9.084717
2019-10-09,BRL,UYU,sell,9.084717
2019-10-09,CAD,UYU,buy,27.920465
2019-10-09,CAD,UYU,sell,27.920465
2019-10-09,CHF,UYU,buy,37.366069
2019-10-09,CHF,UYU,sell,37.366069
2019-10-09,CLP,UYU,buy,0.051388
2019-10-09,CLP,UYU,sell,0.051388
2019-10-09,CNY,UYU,buy,5.216885
2019-10-09,CNY,UYU,sell,5.216885
2019-10-09,COP,UYU,buy,0.010735
2019-10-09,COP,UYU,sell,0.010735
2019-10-09,DKK,UYU,buy,5.467141
2019-10-09,DKK,UYU,sell,5.467141
2019-10-09,EUR,UYU,buy,40.833491
2019-10-09,EUR,UYU,sell,40.833491
2019-10-09,GBP,UYU,buy,45.447655
2019-10-09,GBP,UYU,sell,45.447655
2019-10-09,HKD,UYU,buy,4.743095
2019-10-09,HKD,UYU,sell,4.743095
2019-10-09,HUF,UYU,buy,0.122157
2019-10-09,HUF,UYU,sell,0.122157
2019-10-09,INR,UYU,buy,0.523564
2019-10-09,INR,UYU,sell,0.523564
2019-10-09,ISK,UYU,buy,0.296561
2019-10-09,ISK,UYU,sell,0.296561
2019-10-09,JPY,UYU,buy,0.34602
2019-10-09,JPY,UYU,sell,0.34602
2019-10-09,KRW,UYU,buy,0.031064
2019-10-09,KRW,UYU,sell,0.031064
2019-10-09,MXN,UYU,buy,1.901392
2019-10-09,MXN,UYU,sell,1.901392
2019-10-09,MYR,UYU,buy,8.867151
2019-10-09,MYR,UYU,sell,8.867151
2019-10-09,NOK,UYU,buy,4.058061
2019-10-09,NOK,UYU,sell,4.058061
2019-10-09,NZD,UYU,buy,23.415022
2019-10-09,NZD,UYU,sell,23.415022
2019-10-09,PEN,UYU,buy,11.051186
2019-10-09,PEN,UYU,sell,11.051186
2019-10-09,PYG,UYU,buy,0.005803
2019-10-09,PYG,UYU,sell,0.005803
2019-10-09,RUB,UYU,buy,0.5735
2019-10-09,RUB,UYU,sell,0.5735
2019-10-09,SEK,UYU,buy,3.738465
2019-10-09,SEK,UYU,sell,3.738465
2019-10-09,TRY,UYU,buy,6.346264
2019-10-09,TRY,UYU,sell,6.346264
2019-10-09,USD,UYU,buy,37.211
2019-10-09,USD,UYU,sell,37.211
2019-10-09,VES,UYU,buy,0.001895
2019-10-09,VES,UYU,sell,0.001895
2019-10-09,XDR,UYU,buy,50.818691
2019-10-09,XDR,UYU,sell,50.818691
2019-10-09,ZAR,UYU,buy,2.452505
2019-10-09,ZAR,UYU,sell,2.452505
2019-10-10,ARS,UYU,buy,0.641251
2019-10-10,ARS,UYU,sell,0.641251
2019-10-10,AUD,UYU,buy,25.143651
2019-10-10,AUD,UYU,sell,25.143651
2019-10-10,BRL,UYU,buy,9.014341
2019-10-10,BRL,UYU,sell,9.014341
2019-10-10,CAD,UYU,buy,27.962998
2019-10-10,CAD,UYU,sell,27.962998
2019-10-10,CHF,UYU,buy,37.302232
2019-10-10,CHF,UYU,sell,37.302232
2019-10-10,CLP,UYU,buy,0.05178
2019-10-10,CLP,UYU,sell,0.05178
2019-10-10,CNY,UYU,buy,5.224766
2019-10-10,CNY,UYU,sell,5.224766
2019-10-10,COP,UYU,buy,0.010748
2019-10-10,COP,UYU,sell,0.010748
2019-10-10,DKK,UYU,buy,5.478469
2019-10-10,DKK,UYU,sell,5.478469
2019-10-10,EUR,UYU,buy,40.917691
2019-10-10,EUR,UYU,sell,40.917691
2019-10-10,GBP,UYU,buy,46.255023
2019-10-10,GBP,UYU,sell,46.255023
2019-10-10,HKD,UYU,buy,4.741235
2019-10-10,HKD,UYU,sell,4.741235
2019-10-10,HUF,UYU,buy,0.12313
2019-10-10,HUF,UYU,sell,0.12313
2019-10-10,INR,UYU,buy,0.523188
2019-10-10,INR,UYU,sell,0.523188
2019-10-10,ISK,UYU,buy,0.297317
2019-10-10,ISK,UYU,sell,0.297317
2019-10-10,JPY,UYU,buy,0.344572
2019-10-10,JPY,UYU,sell,0.344572
2019-10-10,KRW,UYU,buy,0.031087
2019-10-10,KRW,UYU,sell,0.031087
2019-10-10,MXN,UYU,buy,1.908901
2019-10-10,MXN,UYU,sell,1.908901
2019-10-10,MYR,UYU,buy,8.874806
2019-10-10,MYR,UYU,sell,8.874806
2019-10-10,NOK,UYU,buy,4.073135
2019-10-10,NOK,UYU,sell,4.073135
2019-10-10,NZD,UYU,buy,23.492815
2019-10-10,NZD,UYU,sell,23.492815
2019-10-10,PEN,UYU,buy,11.047854
2019-10-10,PEN,UYU,sell,11.047854
2019-10-10,PYG,UYU,buy,0.005795
2019-10-10,PYG,UYU,sell,0.005795
2019-10-10,RUB,UYU,buy,0.576479
2019-10-10,RUB,UYU,sell,0.576479
2019-10-10,SEK,UYU,buy,3.776638
2019-10-10,SEK,UYU,sell,3.776638
2019-10-10,TRY,UYU,buy,6.376436
2019-10-10,TRY,UYU,sell,6.376436
2019-10-10,USD,UYU,buy,37.181
2019-10-10,USD,UYU,sell,37.181
2019-10-10,VES,UYU,buy,0.001884
2019-10-10,VES,UYU,sell,0.001884
2019-10-10,XDR,UYU,buy,50.856915
2019-10-10,XDR,UYU,sell,50.856915
2019-10-10,ZAR,UYU,buy,2.4715
2019-10-10,ZAR,UYU,sell,2.4715
2019-10-11,ARS,UYU,buy,0.639795
2019-10-11,ARS,UYU,sell,0.639795
2019-10-11,AUD,UYU,buy,25.235405
2019-10-11,AUD,UYU,sell,25.235405
2019-10-11,BRL,UYU,buy,9.065495
2019-10-11,BRL,UYU,sell,9.065495
2019-10-11,CAD,UYU,buy,28.151181
2019-10-11,CAD,UYU,sell,28.151181
2019-10-11,CHF,UYU,buy,37.228656
2019-10-11,CHF,UYU,sell,37.228656
2019-10-11,CLP,UYU,buy,0.052281
2019-10-11,CLP,UYU,sell,0.052281
2019-10-11,CNY,UYU,buy,5.237544
2019-10-11,CNY,UYU,sell,5.237544
2019-10-11,COP,UYU,buy,0.010823
2019-10-11,COP,UYU,sell,0.010823
2019-10-11,DKK,UYU,buy,5.490898
2019-10-11,DKK,UYU,sell,5.490898
2019-10-11,EUR,UYU,buy,41.011942
2019-10-11,EUR,UYU,sell,41.011942
2019-10-11,GBP,UYU,buy,46.973163
2019-10-11,GBP,UYU,sell,46.973163
2019-10-11,HKD,UYU,buy,4.733373
2019-10-11,HKD,UYU,sell,4.733373
2019-10-11,HUF,UYU,buy,0.123505
2019-10-11,HUF,UYU,sell,0.123505
2019-10-11,INR,UYU,buy,0.522838
2019-10-11,INR,UYU,sell,0.522838
2019-10-11,ISK,UYU,buy,0.297826
2019-10-11,ISK,UYU,sell,0.297826
2019-10-11,JPY,UYU,buy,0.342354
2019-10-11,JPY,UYU,sell,0.342354
2019-10-11,KRW,UYU,buy,0.031233
2019-10-11,KRW,UYU,sell,0.031233
2019-10-11,MXN,UYU,buy,1.92147
2019-10-11,MXN,UYU,sell,1.92147
2019-10-11,MYR,UYU,buy,8.868984
2019-10-11,MYR,UYU,sell,8.868984
2019-10-11,NOK,UYU,buy,4.093851
2019-10-11,NOK,UYU,sell,4.093851
2019-10-11,NZD,UYU,buy,23.531138
2019-10-11,NZD,UYU,sell,23.531138
2019-10-11,PEN,UYU,buy,11.063766
2019-10-11,PEN,UYU,sell,11.063766
2019-10-11,PYG,UYU,buy,0.005783
2019-10-11,PYG,UYU,sell,0.005783
2019-10-11,RUB,UYU,buy,0.578651
2019-10-11,RUB,UYU,sell,0.578651
2019-10-11,SEK,UYU,buy,3.78835
2019-10-11,SEK,UYU,sell,3.78835
2019-10-11,TRY,UYU,buy,6.30353
2019-10-11,TRY,UYU,sell,6.30353
2019-10-11,USD,UYU,buy,37.13
2019-10-11,USD,UYU,sell,37.13
2019-10-11,VES,UYU,buy,0.001915
2019-10-11,VES,UYU,sell,0.001915
2019-10-11,XDR,UYU,buy,50.888522
2019-10-11,XDR,UYU,sell,50.888522
2019-10-11,ZAR,UYU,buy,2.51641
2019-10-11,ZAR,UYU,sell,2.51641
2019-10-14,ARS,UYU,buy,0.641121
2019-10-14,ARS,UYU,sell,0.641121
2019-10-14,AUD,UYU,buy,25.205882
2019-10-14,AUD,UYU,sell,25.205882
2019-10-14,BRL,UYU,buy,9.011795
2019-10-14,BRL,UYU,sell,9.011795
2019-10-14,CAD,UYU,buy,28.117892
2019-10-14,CAD,UYU,sell,28.117892
2019-10-14,CHF,UYU,buy,37.311472
2019-10-14,CHF,UYU,sell,37.311472
2019-10-14,CLP,UYU,buy,0.052228
2019-10-14,CLP,UYU,sell,0.052228
2019-10-14,CNY,UYU,buy,5.264521
2019-10-14,CNY,UYU,sell,5.264521
2019-10-14,COP,UYU,buy,0.010839
2019-10-14,COP,UYU,sell,0.010839
2019-10-14,DKK,UYU,buy,5.493876
2019-10-14,DKK,UYU,sell,5.493876
2019-10-14,EUR,UYU,buy,41.03374
2019-10-14,EUR,UYU,sell,41.03374
2019-10-14,GBP,UYU,buy,46.784082
2019-10-14,GBP,UYU,sell,46.784082
2019-10-14,HKD,UYU,buy,4.742645
2019-10-14,HKD,UYU,sell,4.742645
2019-10-14,HUF,UYU,buy,0.123726
2019-10-14,HUF,UYU,sell,0.123726
2019-10-14,INR,UYU,buy,0.522387
2019-10-14,INR,UYU,sell,0.522387
2019-10-14,ISK,UYU,buy,0.296707
2019-10-14,ISK,UYU,sell,0.296707
2019-10-14,JPY,UYU,buy,0.343396
2019-10-14,JPY,UYU,sell,0.343396
2019-10-14,KRW,UYU,buy,0.0314
2019-10-14,KRW,UYU,sell,0.0314
2019-10-14,MXN,UYU,buy,1.930575
2019-10-14,MXN,UYU,sell,1.930575
2019-10-14,MYR,UYU,buy,8.883132
2019-10-14,MYR,UYU,sell,8.883132
2019-10-14,NOK,UYU,buy,4.085068
2019-10-14,NOK,UYU,sell,4.085068
2019-10-14,NZD,UYU,buy,23.431108
2019-10-14,NZD,UYU,sell,23.431108
2019-10-14,PEN,UYU,buy,11.049341
2019-10-14,PEN,UYU,sell,11.049341
2019-10-14,PYG,UYU,buy,0.0058
2019-10-14,PYG,UYU,sell,0.0058
2019-10-14,RUB,UYU,buy,0.578681
2019-10-14,RUB,UYU,sell,0.578681
2019-10-14,SEK,UYU,buy,3.790444
2019-10-14,SEK,UYU,sell,3.790444
2019-10-14,TRY,UYU,buy,6.288047
2019-10-14,TRY,UYU,sell,6.288047
2019-10-14,USD,UYU,buy,37.207
2019-10-14,USD,UYU,sell,37.207
2019-10-14,VES,UYU,buy,0.001888
2019-10-14,VES,UYU,sell,0.001888
2019-10-14,XDR,UYU,buy,51.0041
2019-10-14,XDR,UYU,sell,51.0041
2019-10-14,ZAR,UYU,buy,2.507607
2019-10-14,ZAR,UYU,sell,2.507607
2019-10-15,ARS,UYU,buy,0.640535
2019-10-15,ARS,UYU,sell,0.640535
2019-10-15,AUD,UYU,buy,25.203031
2019-10-15,AUD,UYU,sell,25.203031
2019-10-15,BRL,UYU,buy,8.972223
2019-10-15,BRL,UYU,sell,8.972223
2019-10-15,CAD,UYU,buy,28.270403
2019-10-15,CAD,UYU,sell,28.270403
2019-10-15,CHF,UYU,buy,37.363231
2019-10-15,CHF,UYU,sell,37.363231
2019-10-15,CLP,UYU,buy,0.052107
2019-10-15,CLP,UYU,sell,0.052107
2019-10-15,CNY,UYU,buy,5.270411
2019-10-15,CNY,UYU,sell,5.270411
2019-10-15,COP,UYU,buy,0.010814
2019-10-15,COP,UYU,sell,0.010814
2019-10-15,DKK,UYU,buy,5.511355
2019-10-15,DKK,UYU,sell,5.511355
2019-10-15,EUR,UYU,buy,41.172104
2019-10-15,EUR,UYU,sell,41.172104
2019-10-15,GBP,UYU,buy,47.670213
2019-10-15,GBP,UYU,sell,47.670213
2019-10-15,HKD,UYU,buy,4.758165
2019-10-15,HKD,UYU,sell,4.758165
2019-10-15,HUF,UYU,buy,0.123959
2019-10-15,HUF,UYU,sell,0.123959
2019-10-15,INR,UYU,buy,0.521695
2019-10-15,INR,UYU,sell,0.521695
2019-10-15,ISK,UYU,buy,0.297687
2019-10-15,ISK,UYU,sell,0.297687
2019-10-15,JPY,UYU,buy,0.342925
2019-10-15,JPY,UYU,sell,0.342925
2019-10-15,KRW,UYU,buy,0.031493
2019-10-15,KRW,UYU,sell,0.031493
2019-10-15,MXN,UYU,buy,1.938929
2019-10-15,MXN,UYU,sell,1.938929
2019-10-15,MYR,UYU,buy,8.903626
2019-10-15,MYR,UYU,sell,8.903626
2019-10-15,NOK,UYU,buy,4.088308
2019-10-15,NOK,UYU,sell,4.088308
2019-10-15,NZD,UYU,buy,23.448803
2019-10-15,NZD,UYU,sell,23.448803
2019-10-15,PEN,UYU,buy,11.084251
2019-10-15,PEN,UYU,sell,11.084251
2019-10-15,PYG,UYU,buy,0.005787
2019-10-15,PYG,UYU,sell,0.005787
2019-10-15,RUB,UYU,buy,0.580556
2019-10-15,RUB,UYU,sell,0.580556
2019-10-15,SEK,UYU,buy,3.805581
2019-10-15,SEK,UYU,sell,3.805581
2019-10-15,TRY,UYU,buy,6.33238
2019-10-15,TRY,UYU,sell,6.33238
2019-10-15,USD,UYU,buy,37.324
2019-10-15,USD,UYU,sell,37.324
2019-10-15,VES,UYU,buy,0.001894
2019-10-15,VES,UYU,sell,0.001894
2019-10-15,XDR,UYU,buy,51.161127
2019-10-15,XDR,UYU,sell,51.161127
2019-10-15,ZAR,UYU,buy,2.508241
2019-10-15,ZAR,UYU,sell,2.508241
2019-10-16,ARS,UYU,buy,0.639964
2019-10-16,ARS,UYU,sell,0.639964
2019-10-16,AUD,UYU,buy,25.249308
2019-10-16,AUD,UYU,sell,25.249308
2019-10-16,BRL,UYU,buy,8.969709
2019-10-16,BRL,UYU,sell,8.969709
2019-10-16,CAD,UYU,buy,28.297526
2019-10-16,CAD,UYU,sell,28.297526
2019-10-16,CHF,UYU,buy,37.520096
2019-10-16,CHF,UYU,sell,37.520096
2019-10-16,CLP,UYU,buy,0.052073
2019-10-16,CLP,UYU,sell,0.052073
2019-10-16,CNY,UYU,buy,5.264048
2019-10-16,CNY,UYU,sell,5.264048
2019-10-16,COP,UYU,buy,0.010796
2019-10-16,COP,UYU,sell,0.010796
2019-10-16,DKK,UYU,buy,5.534394
2019-10-16,DKK,UYU,sell,5.534394
2019-10-16,EUR,UYU,buy,41.348449
2019-10-16,EUR,UYU,sell,41.348449
2019-10-16,GBP,UYU,buy,47.940826
2019-10-16,GBP,UYU,sell,47.940826
2019-10-16,HKD,UYU,buy,4.759841
2019-10-16,HKD,UYU,sell,4.759841
2019-10-16,HUF,UYU,buy,0.124334
2019-10-16,HUF,UYU,sell,0.124334
2019-10-16,INR,UYU,buy,0.522704
2019-10-16,INR,UYU,sell,0.522704
2019-10-16,ISK,UYU,buy,0.298959
2019-10-16,ISK,UYU,sell,0.298959
2019-10-16,JPY,UYU,buy,0.343341
2019-10-16,JPY,UYU,sell,0.343341
2019-10-16,KRW,UYU,buy,0.031436
2019-10-16,KRW,UYU,sell,0.031436
2019-10-16,MXN,UYU,buy,1.945273
2019-10-16,MXN,UYU,sell,1.945273
2019-10-16,MYR,UYU,buy,8.902134
2019-10-16,MYR,UYU,sell,8.902134
2019-10-16,NOK,UYU,buy,4.073195
2019-10-16,NOK,UYU,sell,4.073195
2019-10-16,NZD,UYU,buy,23.481259
2019-10-16,NZD,UYU,sell,23.481259
2019-10-16,PEN,UYU,buy,11.103182
2019-10-16,PEN,UYU,sell,11.103182
2019-10-16,PYG,UYU,buy,0.005753
2019-10-16,PYG,UYU,sell,0.005753
2019-10-16,RUB,UYU,buy,0.582538
2019-10-16,RUB,UYU,sell,0.582538
2019-10-16,SEK,UYU,buy,3.817079
2019-10-16,SEK,UYU,sell,3.817079
2019-10-16,TRY,UYU,buy,6.339666
2019-10-16,TRY,UYU,sell,6.339666
2019-10-16,USD,UYU,buy,37.34
2019-10-16,USD,UYU,sell,37.34
2019-10-16,VES,UYU,buy,0.001972
2019-10-16,VES,UYU,sell,0.001972
2019-10-16,XDR,UYU,buy,51.201355
2019-10-16,XDR,UYU,sell,51.201355
2019-10-16,ZAR,UYU,buy,2.499055
2019-10-16,ZAR,UYU,sell,2.499055
2019-10-17,ARS,UYU,buy,0.640225
2019-10-17,ARS,UYU,sell,0.640225
2019-10-17,AUD,UYU,buy,25.479953
2019-10-17,AUD,UYU,sell,25.479953
2019-10-17,BRL,UYU,buy,8.96724
2019-10-17,BRL,UYU,sell,8.96724
2019-10-17,CAD,UYU,buy,28.417247
2019-10-17,CAD,UYU,sell,28.417247
2019-10-17,CHF,UYU,buy,37.787561
2019-10-17,CHF,UYU,sell,37.787561
2019-10-17,CLP,UYU,buy,0.052437
2019-10-17,CLP,UYU,sell,0.052437
2019-10-17,CNY,UYU,buy,5.27516
2019-10-17,CNY,UYU,sell,5.27516
2019-10-17,COP,UYU,buy,0.010819
2019-10-17,COP,UYU,sell,0.010819
2019-10-17,DKK,UYU,buy,5.558517
2019-10-17,DKK,UYU,sell,5.558517
2019-10-17,EUR,UYU,buy,41.528833
2019-10-17,EUR,UYU,sell,41.528833
2019-10-17,GBP,UYU,buy,48.047698
2019-10-17,GBP,UYU,sell,48.047698
2019-10-17,HKD,UYU,buy,4.759604
2019-10-17,HKD,UYU,sell,4.759604
2019-10-17,HUF,UYU,buy,0.125392
2019-10-17,HUF,UYU,sell,0.125392
2019-10-17,INR,UYU,buy,0.524621
2019-10-17,INR,UYU,sell,0.524621
2019-10-17,ISK,UYU,buy,0.299851
2019-10-17,ISK,UYU,sell,0.299851
2019-10-17,JPY,UYU,buy,0.343556
2019-10-17,JPY,UYU,sell,0.343556
2019-10-17,KRW,UYU,buy,0.031456
2019-10-17,KRW,UYU,sell,0.031456
2019-10-17,MXN,UYU,buy,1.945815
2019-10-17,MXN,UYU,sell,1.945815
2019-10-17,MYR,UYU,buy,8.933126
2019-10-17,MYR,UYU,sell,8.933126
2019-10-17,NOK,UYU,buy,4.065242
2019-10-17,NOK,UYU,sell,4.065242
2019-10-17,NZD,UYU,buy,23.706493
2019-10-17,NZD,UYU,sell,23.706493
2019-10-17,PEN,UYU,buy,11.146073
2019-10-17,PEN,UYU,sell,11.146073
2019-10-17,PYG,UYU,buy,0.005762
2019-10-17,PYG,UYU,sell,0.005762
2019-10-17,RUB,UYU,buy,0.58286
2019-10-17,RUB,UYU,sell,0.58286
2019-10-17,SEK,UYU,buy,3.841508
2019-10-17,SEK,UYU,sell,3.841508
2019-10-17,TRY,UYU,buy,6.401646
2019-10-17,TRY,UYU,sell,6.401646
2019-10-17,USD,UYU,buy,37.336
2019-10-17,USD,UYU,sell,37.336
2019-10-17,VES,UYU,buy,0.001983
2019-10-17,VES,UYU,sell,0.001983
2019-10-17,XDR,UYU,buy,51.378816
2019-10-17,XDR,UYU,sell,51.378816
2019-10-17,ZAR,UYU,buy,2.519103
2019-10-17,ZAR,UYU,sell,2.519103
2019-10-18,ARS,UYU,buy,0.640433
2019-10-18,ARS,UYU,sell,0.640433
2019-10-18,AUD,UYU,buy,25.613896
2019-10-18,AUD,UYU,sell,25.613896
2019-10-18,BRL,UYU,buy,9.081144
2019-10-18,BRL,UYU,sell,9.081144
2019-10-18,CAD,UYU,buy,28.480622
2019-10-18,CAD,UYU,sell,28.480622
2019-10-18,CHF,UYU,buy,37.942834
2019-10-18,CHF,UYU,sell,37.942834
2019-10-18,CLP,UYU,buy,0.052496
2019-10-18,CLP,UYU,sell,0.052496
2019-10-18,CNY,UYU,buy,5.276699
2019-10-18,CNY,UYU,sell,5.276699
2019-10-18,COP,UYU,buy,0.010907
2019-10-18,COP,UYU,sell,0.010907
2019-10-18,DKK,UYU,buy,5.582146
2019-10-18,DKK,UYU,sell,5.582146
2019-10-18,EUR,UYU,buy,41.706425
2019-10-18,EUR,UYU,sell,41.706425
2019-10-18,GBP,UYU,buy,48.376613
2019-10-18,GBP,UYU,sell,48.376613
2019-10-18,HKD,UYU,buy,4.764898
2019-10-18,HKD,UYU,sell,4.764898
2019-10-18,HUF,UYU,buy,0.12626
2019-10-18,HUF,UYU,sell,0.12626
2019-10-18,INR,UYU,buy,0.52521
2019-10-18,INR,UYU,sell,0.52521
2019-10-18,ISK,UYU,buy,0.299844
2019-10-18,ISK,UYU,sell,0.299844
2019-10-18,JPY,UYU,buy,0.34466
2019-10-18,JPY,UYU,sell,0.34466
2019-10-18,KRW,UYU,buy,0.031629
2019-10-18,KRW,UYU,sell,0.031629
2019-10-18,MXN,UYU,buy,1.952637
2019-10-18,MXN,UYU,sell,1.952637
2019-10-18,MYR,UYU,buy,8.925833
2019-10-18,MYR,UYU,sell,8.925833
2019-10-18,NOK,UYU,buy,4.076116
2019-10-18,NOK,UYU,sell,4.076116
2019-10-18,NZD,UYU,buy,23.846389
2019-10-18,NZD,UYU,sell,23.846389
2019-10-18,PEN,UYU,buy,11.193889
2019-10-18,PEN,UYU,sell,11.193889
2019-10-18,PYG,UYU,buy,0.005776
2019-10-18,PYG,UYU,sell,0.005776
2019-10-18,RUB,UYU,buy,0.585418
2019-10-18,RUB,UYU,sell,0.585418
2019-10-18,SEK,UYU,buy,3.870928
2019-10-18,SEK,UYU,sell,3.870928
2019-10-18,TRY,UYU,buy,6.46276
2019-10-18,TRY,UYU,sell,6.46276
2019-10-18,USD,UYU,buy,37.368
2019-10-18,USD,UYU,sell,37.368
2019-10-18,VES,UYU,buy,0.001951
2019-10-18,VES,UYU,sell,0.001951
2019-10-18,XDR,UYU,buy,51.455362
2019-10-18,XDR,UYU,sell,51.455362
2019-10-18,ZAR,UYU,buy,2.533192
2019-10-18,ZAR,UYU,sell,2.533192
2019-10-21,ARS,UYU,buy,0.639207
2019-10-21,ARS,UYU,sell,0.639207
2019-10-21,AUD,UYU,buy,25.665869
2019-10-21,AUD,UYU,sell,25.665869
2019-10-21,BRL,UYU,buy,9.041384
2019-10-21,BRL,UYU,sell,9.041384
2019-10-21,CAD,UYU,buy,28.57514
2019-10-21,CAD,UYU,sell,28.57514
2019-10-21,CHF,UYU,buy,37.932539
2019-10-21,CHF,UYU,sell,37.932539
2019-10-21,CLP,UYU,buy,0.05152
2019-10-21,CLP,UYU,sell,0.05152
2019-10-21,CNY,UYU,buy,5.286583
2019-10-21,CNY,UYU,sell,5.286583
2019-10-21,COP,UYU,buy,0.010844
2019-10-21,COP,UYU,sell,0.010844
2019-10-21,DKK,UYU,buy,5.577982
2019-10-21,DKK,UYU,sell,5.577982
2019-10-21,EUR,UYU,buy,41.675254
2019-10-21,EUR,UYU,sell,41.675254
2019-10-21,GBP,UYU,buy,48.47125
2019-10-21,GBP,UYU,sell,48.47125
2019-10-21,HKD,UYU,buy,4.76732
2019-10-21,HKD,UYU,sell,4.76732
2019-10-21,HUF,UYU,buy,0.126312
2019-10-21,HUF,UYU,sell,0.126312
2019-10-21,INR,UYU,buy,0.525547
2019-10-21,INR,UYU,sell,0.525547
2019-10-21,ISK,UYU,buy,0.29916
2019-10-21,ISK,UYU,sell,0.29916
2019-10-21,JPY,UYU,buy,0.344325
2019-10-21,JPY,UYU,sell,0.344325
2019-10-21,KRW,UYU,buy,0.031903
2019-10-21,KRW,UYU,sell,0.031903
2019-10-21,MXN,UYU,buy,1.955915
2019-10-21,MXN,UYU,sell,1.955915
2019-10-21,MYR,UYU,buy,8.943315
2019-10-21,MYR,UYU,sell,8.943315
2019-10-21,NOK,UYU,buy,4.092148
2019-10-21,NOK,UYU,sell,4.092148
2019-10-21,NZD,UYU,buy,23.925271
2019-10-21,NZD,UYU,sell,23.925271
2019-10-21,PEN,UYU,buy,11.201917
2019-10-21,PEN,UYU,sell,11.201917
2019-10-21,PYG,UYU,buy,0.005792
2019-10-21,PYG,UYU,sell,0.005792
2019-10-21,RUB,UYU,buy,0.586831
2019-10-21,RUB,UYU,sell,0.586831
2019-10-21,SEK,UYU,buy,3.877249
2019-10-21,SEK,UYU,sell,3.877249
2019-10-21,TRY,UYU,buy,6.380887
2019-10-21,TRY,UYU,sell,6.380887
2019-10-21,USD,UYU,buy,37.392
2019-10-21,USD,UYU,sell,37.392
2019-10-21,VES,UYU,buy,0.002001
2019-10-21,VES,UYU,sell,0.002001
2019-10-21,XDR,UYU,buy,51.574038
2019-10-21,XDR,UYU,sell,51.574038
2019-10-21,ZAR,UYU,buy,2.532604
2019-10-21,ZAR,UYU,sell,2.532604
2019-10-22,ARS,UYU,buy,0.637682
2019-10-22,ARS,UYU,sell,0.637682
2019-10-22,AUD,UYU,buy,25.641314
2019-10-22,AUD,UYU,sell,25.641314
2019-10-22,BRL,UYU,buy,9.178751
2019-10-22,BRL,UYU,sell,9.178751
2019-10-22,CAD,UYU,buy,28.556815
2019-10-22,CAD,UYU,sell,28.556815
2019-10-22,CHF,UYU,buy,37.814506
2019-10-22,CHF,UYU,sell,37.814506
2019-10-22,CLP,UYU,buy,0.051685
2019-10-22,CLP,UYU,sell,0.051685
2019-10-22,CNY,UYU,buy,5.28593
2019-10-22,CNY,UYU,sell,5.28593
2019-10-22,COP,UYU,buy,0.010902
2019-10-22,COP,UYU,sell,0.010902
2019-10-22,DKK,UYU,buy,5.568863
2019-10-22,DKK,UYU,sell,5.568863
2019-10-22,EUR,UYU,buy,41.605178
2019-10-22,EUR,UYU,sell,41.605178
2019-10-22,GBP,UYU,buy,48.192726
2019-10-22,GBP,UYU,sell,48.192726
2019-10-22,HKD,UYU,buy,4.769512
2019-10-22,HKD,UYU,sell,4.769512
2019-10-22,HUF,UYU,buy,0.126455
2019-10-22,HUF,UYU,sell,0.126455
2019-10-22,INR,UYU,buy,0.527319
2019-10-22,INR,UYU,sell,0.527319
2019-10-22,ISK,UYU,buy,0.299528
2019-10-22,ISK,UYU,sell,0.299528
2019-10-22,JPY,UYU,buy,0.344854
2019-10-22,JPY,UYU,sell,0.344854
2019-10-22,KRW,UYU,buy,0.03197
2019-10-22,KRW,UYU,sell,0.03197
2019-10-22,MXN,UYU,buy,1.95438
2019-10-22,MXN,UYU,sell,1.95438
2019-10-22,MYR,UYU,buy,8.932187
2019-10-22,MYR,UYU,sell,8.932187
2019-10-22,NOK,UYU,buy,4.086341
2019-10-22,NOK,UYU,sell,4.086341
2019-10-22,NZD,UYU,buy,23.965435
2019-10-22,NZD,UYU,sell,23.965435
2019-10-22,PEN,UYU,buy,11.169234
2019-10-22,PEN,UYU,sell,11.169234
2019-10-22,PYG,UYU,buy,0.00578
2019-10-22,PYG,UYU,sell,0.00578
2019-10-22,RUB,UYU,buy,0.587658
2019-10-22,RUB,UYU,sell,0.587658
2019-10-22,SEK,UYU,buy,3.875332
2019-10-22,SEK,UYU,sell,3.875332
2019-10-22,TRY,UYU,buy,6.44721
2019-10-22,TRY,UYU,sell,6.44721
2019-10-22,USD,UYU,buy,37.408
2019-10-22,USD,UYU,sell,37.408
2019-10-22,VES,UYU,buy,0.002038
2019-10-22,VES,UYU,sell,0.002038
2019-10-22,XDR,UYU,buy,51.551591
2019-10-22,XDR,UYU,sell,51.551591
2019-10-22,ZAR,UYU,buy,2.561332
2019-10-22,ZAR,UYU,sell,2.561332
2019-10-23,ARS,UYU,buy,0.633636
2019-10-23,ARS,UYU,sell,0.633636
2019-10-23,AUD,UYU,buy,25.614271
2019-10-23,AUD,UYU,sell,25.614271
2019-10-23,BRL,UYU,buy,9.261076
2019-10-23,BRL,UYU,sell,9.261076
2019-10-23,CAD,UYU,buy,28.583228
2019-10-23,CAD,UYU,sell,28.583228
2019-10-23,CHF,UYU,buy,37.734363
2019-10-23,CHF,UYU,sell,37.734363
2019-10-23,CLP,UYU,buy,0.051462
2019-10-23,CLP,UYU,sell,0.051462
2019-10-23,CNY,UYU,buy,5.289797
2019-10-23,CNY,UYU,sell,5.289797
2019-10-23,COP,UYU,buy,0.011014
2019-10-23,COP,UYU,sell,0.011014
2019-10-23,DKK,UYU,buy,5.568236
2019-10-23,DKK,UYU,sell,5.568236
2019-10-23,EUR,UYU,buy,41.599131
2019-10-23,EUR,UYU,sell,41.599131
2019-10-23,GBP,UYU,buy,48.249834
2019-10-23,GBP,UYU,sell,48.249834
2019-10-23,HKD,UYU,buy,4.766241
2019-10-23,HKD,UYU,sell,4.766241
2019-10-23,HUF,UYU,buy,0.12678
2019-10-23,HUF,UYU,sell,0.12678
2019-10-23,INR,UYU,buy,0.527044
2019-10-23,INR,UYU,sell,0.527044
2019-10-23,ISK,UYU,buy,0.299916
2019-10-23,ISK,UYU,sell,0.299916
2019-10-23,JPY,UYU,buy,0.343969
2019-10-23,JPY,UYU,sell,0.343969
2019-10-23,KRW,UYU,buy,0.031875
2019-10-23,KRW,UYU,sell,0.031875
2019-10-23,MXN,UYU,buy,1.955689
2019-10-23,MXN,UYU,sell,1.955689
2019-10-23,MYR,UYU,buy,8.926733
2019-10-23,MYR,UYU,sell,8.926733
2019-10-23,NOK,UYU,buy,4.096544
2019-10-23,NOK,UYU,sell,4.096544
2019-10-23,NZD,UYU,buy,24.003452
2019-10-23,NZD,UYU,sell,24.003452
2019-10-23,PEN,UYU,buy,11.170756
2019-10-23,PEN,UYU,sell,11.170756
2019-10-23,PYG,UYU,buy,0.005766
2019-10-23,PYG,UYU,sell,0.005766
2019-10-23,RUB,UYU,buy,0.584854
2019-10-23,RUB,UYU,sell,0.584854
2019-10-23,SEK,UYU,buy,3.877132
2019-10-23,SEK,UYU,sell,3.877132
2019-10-23,TRY,UYU,buy,6.522456
2019-10-23,TRY,UYU,sell,6.522456
2019-10-23,USD,UYU,buy,37.374
2019-10-23,USD,UYU,sell,37.374
2019-10-23,VES,UYU,buy,0.002036
2019-10-23,VES,UYU,sell,0.002036
2019-10-23,XDR,UYU,buy,51.432978
2019-10-23,XDR,UYU,sell,51.432978
2019-10-23,ZAR,UYU,buy,2.55547
2019-10-23,ZAR,UYU,sell,2.55547
2019-10-24,ARS,UYU,buy,0.62751
2019-10-24,ARS,UYU,sell,0.62751
2019-10-24,AUD,UYU,buy,25.514786
2019-10-24,AUD,UYU,sell,25.514786
2019-10-24,BRL,UYU,buy,9.263121
2019-10-24,BRL,UYU,sell,9.263121
2019-10-24,CAD,UYU,buy,28.608147
2019-10-24,CAD,UYU,sell,28.608147
2019-10-24,CHF,UYU,buy,37.693897
2019-10-24,CHF,UYU,sell,37.693897
2019-10-24,CLP,UYU,buy,0.051637
2019-10-24,CLP,UYU,sell,0.051637
2019-10-24,CNY,UYU,buy,5.290198
2019-10-24,CNY,UYU,sell,5.290198
2019-10-24,COP,UYU,buy,0.01098
2019-10-24,COP,UYU,sell,0.01098
2019-10-24,DKK,UYU,buy,5.561124
2019-10-24,DKK,UYU,sell,5.561124
2019-10-24,EUR,UYU,buy,41.543568
2019-10-24,EUR,UYU,sell,41.543568
2019-10-24,GBP,UYU,buy,48.090088
2019-10-24,GBP,UYU,sell,48.090088
2019-10-24,HKD,UYU,buy,4.77137
2019-10-24,HKD,UYU,sell,4.77137
2019-10-24,HUF,UYU,buy,0.126104
2019-10-24,HUF,UYU,sell,0.126104
2019-10-24,INR,UYU,buy,0.526547
2019-10-24,INR,UYU,sell,0.526547
2019-10-24,ISK,UYU,buy,0.300373
2019-10-24,ISK,UYU,sell,0.300373
2019-10-24,JPY,UYU,buy,0.344285
2019-10-24,JPY,UYU,sell,0.344285
2019-10-24,KRW,UYU,buy,0.03188
2019-10-24,KRW,UYU,sell,0.03188
2019-10-24,MXN,UYU,buy,1.953663
2019-10-24,MXN,UYU,sell,1.953663
2019-10-24,MYR,UYU,buy,8.936201
2019-10-24,MYR,UYU,sell,8.936201
2019-10-24,NOK,UYU,buy,4.094014
2019-10-24,NOK,UYU,sell,4.094014
2019-10-24,NZD,UYU,buy,23.865534
2019-10-24,NZD,UYU,sell,23.865534
2019-10-24,PEN,UYU,buy,11.165249
2019-10-24,PEN,UYU,sell,11.165249
2019-10-24,PYG,UYU,buy,0.005769
2019-10-24,PYG,UYU,sell,0.005769
2019-10-24,RUB,UYU,buy,0.58368
2019-10-24,RUB,UYU,sell,0.58368
2019-10-24,SEK,UYU,buy,3.872451
2019-10-24,SEK,UYU,sell,3.872451
2019-10-24,TRY,UYU,buy,6.487696
2019-10-24,TRY,UYU,sell,6.487696
2019-10-24,USD,UYU,buy,37.398
2019-10-24,USD,UYU,sell,37.398
2019-10-24,VES,UYU,buy,0.002015
2019-10-24,VES,UYU,sell,0.002015
2019-10-24,XDR,UYU,buy,51.49929
2019-10-24,XDR,UYU,sell,51.49929
2019-10-24,ZAR,UYU,buy,2.548641
2019-10-24,ZAR,UYU,sell,2.548641
2019-10-25,ARS,UYU,buy,0.624063
2019-10-25,ARS,UYU,sell,0.624063
2019-10-25,AUD,UYU,buy,25.532716
2019-10-25,AUD,UYU,sell,25.532716
2019-10-25,BRL,UYU,buy,9.341284
2019-10-25,BRL,UYU,sell,9.341284
2019-10-25,CAD,UYU,buy,28.66067
2019-10-25,CAD,UYU,sell,28.66067
2019-10-25,CHF,UYU,buy,37.654513
2019-10-25,CHF,UYU,sell,37.654513
2019-10-25,CLP,UYU,buy,0.051427
2019-10-25,CLP,UYU,sell,0.051427
2019-10-25,CNY,UYU,buy,5.29878
2019-10-25,CNY,UYU,sell,5.29878
2019-10-25,COP,UYU,buy,0.011024
2019-10-25,COP,UYU,sell,0.011024
2019-10-25,DKK,UYU,buy,5.554558
2019-10-25,DKK,UYU,sell,5.554558
2019-10-25,EUR,UYU,buy,41.490664
2019-10-25,EUR,UYU,sell,41.490664
2019-10-25,GBP,UYU,buy,48.025466
2019-10-25,GBP,UYU,sell,48.025466
2019-10-25,HKD,UYU,buy,4.776687
2019-10-25,HKD,UYU,sell,4.776687
2019-10-25,HUF,UYU,buy,0.126228
2019-10-25,HUF,UYU,sell,0.126228
2019-10-25,INR,UYU,buy,0.528123
2019-10-25,INR,UYU,sell,0.528123
2019-10-25,ISK,UYU,buy,0.299996
2019-10-25,ISK,UYU,sell,0.299996
2019-10-25,JPY,UYU,buy,0.344527
2019-10-25,JPY,UYU,sell,0.344527
2019-10-25,KRW,UYU,buy,0.031917
2019-10-25,KRW,UYU,sell,0.031917
2019-10-25,MXN,UYU,buy,1.963755
2019-10-25,MXN,UYU,sell,1.963755
2019-10-25,MYR,UYU,buy,8.946828
2019-10-25,MYR,UYU,sell,8.946828
2019-10-25,NOK,UYU,buy,4.074219
2019-10-25,NOK,UYU,sell,4.074219
2019-10-25,NZD,UYU,buy,23.775002
2019-10-25,NZD,UYU,sell,23.775002
2019-10-25,PEN,UYU,buy,11.2236
2019-10-25,PEN,UYU,sell,11.2236
2019-10-25,PYG,UYU,buy,0.00577
2019-10-25,PYG,UYU,sell,0.00577
2019-10-25,RUB,UYU,buy,0.586114
2019-10-25,RUB,UYU,sell,0.586114
2019-10-25,SEK,UYU,buy,3.866663
2019-10-25,SEK,UYU,sell,3.866663
2019-10-25,TRY,UYU,buy,6.487657
2019-10-25,TRY,UYU,sell,6.487657
2019-10-25,USD,UYU,buy,37.438
2019-10-25,USD,UYU,sell,37.438
2019-10-25,VES,UYU,buy,0.001897
2019-10-25,VES,UYU,sell,0.001897
2019-10-25,XDR,UYU,buy,51.518057
2019-10-25,XDR,UYU,sell,51.518057
2019-10-25,ZAR,UYU,buy,2.561527
2019-10-25,ZAR,UYU,sell,2.561527
2019-10-28,ARS,UYU,buy,0.630257
2019-10-28,ARS,UYU,sell,0.630257
2019-10-28,AUD,UYU,buy,25.645059
2019-10-28,AUD,UYU,sell,25.645059
2019-10-28,BRL,UYU,buy,9.402399
2019-10-28,BRL,UYU,sell,9.402399
2019-10-28,CAD,UYU,buy,28.726493
2019-10-28,CAD,UYU,sell,28.726493
2019-10-28,CHF,UYU,buy,37.69513
2019-10-28,CHF,UYU,sell,37.69513
2019-10-28,CLP,UYU,buy,0.051808
2019-10-28,CLP,UYU,sell,0.051808
2019-10-28,CNY,UYU,buy,5.305519
2019-10-28,CNY,UYU,sell,5.305519
2019-10-28,COP,UYU,buy,0.011087
2019-10-28,COP,UYU,sell,0.011087
2019-10-28,DKK,UYU,buy,5.570765
2019-10-28,DKK,UYU,sell,5.570765
2019-10-28,EUR,UYU,buy,41.61861
2019-10-28,EUR,UYU,sell,41.61861
2019-10-28,GBP,UYU,buy,48.209411
2019-10-28,GBP,UYU,sell,48.209411
2019-10-28,HKD,UYU,buy,4.783565
2019-10-28,HKD,UYU,sell,4.783565
2019-10-28,HUF,UYU,buy,0.126888
2019-10-28,HUF,UYU,sell,0.126888
2019-10-28,INR,UYU,buy,0.529012
2019-10-28,INR,UYU,sell,0.529012
2019-10-28,ISK,UYU,buy,0.300911
2019-10-28,ISK,UYU,sell,0.300911
2019-10-28,JPY,UYU,buy,0.34403
2019-10-28,JPY,UYU,sell,0.34403
2019-10-28,KRW,UYU,buy,0.032038
2019-10-28,KRW,UYU,sell,0.032038
2019-10-28,MXN,UYU,buy,1.964998
2019-10-28,MXN,UYU,sell,1.964998
2019-10-28,MYR,UYU,buy,8.961883
2019-10-28,MYR,UYU,sell,8.961883
2019-10-28,NOK,UYU,buy,4.069207
2019-10-28,NOK,UYU,sell,4.069207
2019-10-28,NZD,UYU,buy,23.788759
2019-10-28,NZD,UYU,sell,23.788759
2019-10-28,PEN,UYU,buy,11.256153
2019-10-28,PEN,UYU,sell,11.256153
2019-10-28,PYG,UYU,buy,0.005793
2019-10-28,PYG,UYU,sell,0.005793
2019-10-28,RUB,UYU,buy,0.588861
2019-10-28,RUB,UYU,sell,0.588861
2019-10-28,SEK,UYU,buy,3.863772
2019-10-28,SEK,UYU,sell,3.863772
2019-10-28,TRY,UYU,buy,6.542279
2019-10-28,TRY,UYU,sell,6.542279
2019-10-28,USD,UYU,buy,37.501
2019-10-28,USD,UYU,sell,37.501
2019-10-28,VES,UYU,buy,0.001836
2019-10-28,VES,UYU,sell,0.001836
2019-10-28,XDR,UYU,buy,51.5815
2019-10-28,XDR,UYU,sell,51.5815
2019-10-28,ZAR,UYU,buy,2.581034
2019-10-28,ZAR,UYU,sell,2.581034
2019-10-29,ARS,UYU,buy,0.629939
2019-10-29,ARS,UYU,sell,0.629939
2019-10-29,AUD,UYU,buy,25.709612
2019-10-29,AUD,UYU,sell,25.709612
2019-10-29,BRL,UYU,buy,9.362899
2019-10-29,BRL,UYU,sell,9.362899
2019-10-29,CAD,UYU,buy,28.61301
2019-10-29,CAD,UYU,sell,28.61301
2019-10-29,CHF,UYU,buy,37.684761
2019-10-29,CHF,UYU,sell,37.684761
2019-10-29,CLP,UYU,buy,0.051512
2019-10-29,CLP,UYU,sell,0.051512
2019-10-29,CNY,UYU,buy,5.300603
2019-10-29,CNY,UYU,sell,5.300603
2019-10-29,COP,UYU,buy,0.011089
2019-10-29,COP,UYU,sell,0.011089
2019-10-29,DKK,UYU,buy,5.570048
2019-10-29,DKK,UYU,sell,5.570048
2019-10-29,EUR,UYU,buy,41.614028
2019-10-29,EUR,UYU,sell,41.614028
2019-10-29,GBP,UYU,buy,48.170176
2019-10-29,GBP,UYU,sell,48.170176
2019-10-29,HKD,UYU,buy,4.777443
2019-10-29,HKD,UYU,sell,4.777443
2019-10-29,HUF,UYU,buy,0.126219
2019-10-29,HUF,UYU,sell,0.126219
2019-10-29,INR,UYU,buy,0.52867
2019-10-29,INR,UYU,sell,0.52867
2019-10-29,ISK,UYU,buy,0.301348
2019-10-29,ISK,UYU,sell,0.301348
2019-10-29,JPY,UYU,buy,0.344158
2019-10-29,JPY,UYU,sell,0.344158
2019-10-29,KRW,UYU,buy,0.032199
2019-10-29,KRW,UYU,sell,0.032199
2019-10-29,MXN,UYU,buy,1.958281
2019-10-29,MXN,UYU,sell,1.958281
2019-10-29,MYR,UYU,buy,8.950947
2019-10-29,MYR,UYU,sell,8.950947
2019-10-29,NOK,UYU,buy,4.056055
2019-10-29,NOK,UYU,sell,4.056055
2019-10-29,NZD,UYU,buy,23.801382
2019-10-29,NZD,UYU,sell,23.801382
2019-10-29,PEN,UYU,buy,11.224731
2019-10-29,PEN,UYU,sell,11.224731
2019-10-29,PYG,UYU,buy,0.005804
2019-10-29,PYG,UYU,sell,0.005804
2019-10-29,RUB,UYU,buy,0.585838
2019-10-29,RUB,UYU,sell,0.585838
2019-10-29,SEK,UYU,buy,3.859403
2019-10-29,SEK,UYU,sell,3.859403
2019-10-29,TRY,UYU,buy,6.527244
2019-10-29,TRY,UYU,sell,6.527244
2019-10-29,USD,UYU,buy,37.453
2019-10-29,USD,UYU,sell,37.453
2019-10-29,VES,UYU,buy,0.001731
2019-10-29,VES,UYU,sell,0.001731
2019-10-29,XDR,UYU,buy,51.494879
2019-10-29,XDR,UYU,sell,51.494879
2019-10-29,ZAR,UYU,buy,2.563176
2019-10-29,ZAR,UYU,sell,2.563176
2019-10-30,ARS,UYU,buy,0.627799
2019-10-30,ARS,UYU,sell,0.627799
2019-10-30,AUD,UYU,buy,25.788802
2019-10-30,AUD,UYU,sell,25.788802
2019-10-30,BRL,UYU,buy,9.379982
2019-10-30,BRL,UYU,sell,9.379982
2019-10-30,CAD,UYU,buy,28.441021
2019-10-30,CAD,UYU,sell,28.441021
2019-10-30,CHF,UYU,buy,37.846216
2019-10-30,CHF,UYU,sell,37.846216
2019-10-30,CLP,UYU,buy,0.050743
2019-10-30,CLP,UYU,sell,0.050743
2019-10-30,CNY,UYU,buy,5.31246
2019-10-30,CNY,UYU,sell,5.31246
2019-10-30,COP,UYU,buy,0.01106
2019-10-30,COP,UYU,sell,0.01106
2019-10-30,DKK,UYU,buy,5.583554
2019-10-30,DKK,UYU,sell,5.583554
2019-10-30,EUR,UYU,buy,41.716353
2019-10-30,EUR,UYU,sell,41.716353
2019-10-30,GBP,UYU,buy,48.314883
2019-10-30,GBP,UYU,sell,48.314883
2019-10-30,HKD,UYU,buy,4.780801
2019-10-30,HKD,UYU,sell,4.780801
2019-10-30,HUF,UYU,buy,0.126642
2019-10-30,HUF,UYU,sell,0.126642
2019-10-30,INR,UYU,buy,0.528683
2019-10-30,INR,UYU,sell,0.528683
2019-10-30,ISK,UYU,buy,0.302083
2019-10-30,ISK,UYU,sell,0.302083
2019-10-30,JPY,UYU,buy,0.344068
2019-10-30,JPY,UYU,sell,0.344068
2019-10-30,KRW,UYU,buy,0.032088
2019-10-30,KRW,UYU,sell,0.032088
2019-10-30,MXN,UYU,buy,1.958961
2019-10-30,MXN,UYU,sell,1.958961
2019-10-30,MYR,UYU,buy,8.96621
2019-10-30,MYR,UYU,sell,8.96621
2019-10-30,NOK,UYU,buy,4.073114
2019-10-30,NOK,UYU,sell,4.073114
2019-10-30,NZD,UYU,buy,23.847286
2019-10-30,NZD,UYU,sell,23.847286
2019-10-30,PEN,UYU,buy,11.205752
2019-10-30,PEN,UYU,sell,11.205752
2019-10-30,PYG,UYU,buy,0.005812
2019-10-30,PYG,UYU,sell,0.005812
2019-10-30,RUB,UYU,buy,0.586343
2019-10-30,RUB,UYU,sell,0.586343
2019-10-30,SEK,UYU,buy,3.871424
2019-10-30,SEK,UYU,sell,3.871424
2019-10-30,TRY,UYU,buy,6.558814
2019-10-30,TRY,UYU,sell,6.558814
2019-10-30,USD,UYU,buy,37.481
2019-10-30,USD,UYU,sell,37.481
2019-10-30,VES,UYU,buy,0.001733
2019-10-30,VES,UYU,sell,0.001733
2019-10-30,XDR,UYU,buy,51.598593
2019-10-30,XDR,UYU,sell,51.598593
2019-10-30,ZAR,UYU,buy,2.494883
2019-10-30,ZAR,UYU,sell,2.494883
2019-10-31,ARS,UYU,buy,0.627236
2019-10-31,ARS,UYU,sell,0.627236
2019-10-31,AUD,UYU,buy,25.774012
2019-10-31,AUD,UYU,sell,25.774012
2019-10-31,BRL,UYU,buy,9.312791
2019-10-31,BRL,UYU,sell,9.312791
2019-10-31,CAD,UYU,buy,28.421892
2019-10-31,CAD,UYU,sell,28.421892
2019-10-31,CHF,UYU,buy,37.918419
2019-10-31,CHF,UYU,sell,37.918419
2019-10-31,CLP,UYU,buy,0.050469
2019-10-31,CLP,UYU,sell,0.050469
2019-10-31,CNY,UYU,buy,5.315452
2019-10-31,CNY,UYU,sell,5.315452
2019-10-31,COP,UYU,buy,0.011069
2019-10-31,COP,UYU,sell,0.011069
2019-10-31,DKK,UYU,buy,5.581812
2019-10-31,DKK,UYU,sell,5.581812
2019-10-31,EUR,UYU,buy,41.703874
2019-10-31,EUR,UYU,sell,41.703874
2019-10-31,GBP,UYU,buy,48.410692
2019-10-31,GBP,UYU,sell,48.410692
2019-10-31,HKD,UYU,buy,4.773575
2019-10-31,HKD,UYU,sell,4.773575
2019-10-31,HUF,UYU,buy,0.126924
2019-10-31,HUF,UYU,sell,0.126924
2019-10-31,INR,UYU,buy,0.527515
2019-10-31,INR,UYU,sell,0.527515
2019-10-31,ISK,UYU,buy,0.301973
2019-10-31,ISK,UYU,sell,0.301973
2019-10-31,JPY,UYU,buy,0.346493
2019-10-31,JPY,UYU,sell,0.346493
2019-10-31,KRW,UYU,buy,0.032152
2019-10-31,KRW,UYU,sell,0.032152
2019-10-31,MXN,UYU,buy,1.947082
2019-10-31,MXN,UYU,sell,1.947082
2019-10-31,MYR,UYU,buy,8.954945
2019-10-31,MYR,UYU,sell,8.954945
2019-10-31,NOK,UYU,buy,4.065322
2019-10-31,NOK,UYU,sell,4.065322
2019-10-31,NZD,UYU,buy,23.985527
2019-10-31,NZD,UYU,sell,23.985527
2019-10-31,PEN,UYU,buy,11.185985
2019-10-31,PEN,UYU,sell,11.185985
2019-10-31,PYG,UYU,buy,0.005803
2019-10-31,PYG,UYU,sell,0.005803
2019-10-31,RUB,UYU,buy,0.583228
2019-10-31,RUB,UYU,sell,0.583228
2019-10-31,SEK,UYU,buy,3.874114
2019-10-31,SEK,UYU,sell,3.874114
2019-10-31,TRY,UYU,buy,6.540916
2019-10-31,TRY,UYU,sell,6.540916
2019-10-31,USD,UYU,buy,37.416
2019-10-31,USD,UYU,sell,37.416
2019-10-31,VES,UYU,buy,0.001534
2019-10-31,VES,UYU,sell,0.001534
2019-10-31,XDR,UYU,buy,51.611256
2019-10-31,XDR,UYU,sell,51.611256
2019-10-31,ZAR,UYU,buy,2.481932
2019-10-31,ZAR,UYU,sell,2.481932
2019-11-01,ARS,UYU,buy,0.626532
2019-11-01,ARS,UYU,sell,0.626532
2019-11-01,AUD,UYU,buy,25.852989
2019-11-01,AUD,UYU,sell,25.852989
2019-11-01,BRL,UYU,buy,9.367092
2019-11-01,BRL,UYU,sell,9.367092
2019-11-01,CAD,UYU,buy,28.465371
2019-11-01,CAD,UYU,sell,28.465371
2019-11-01,CHF,UYU,buy,37.959122
2019-11-01,CHF,UYU,sell,37.959122
2019-11-01,CLP,UYU,buy,0.050519
2019-11-01,CLP,UYU,sell,0.050519
2019-11-01,CNY,UYU,buy,5.320008
2019-11-01,CNY,UYU,sell,5.320008
2019-11-01,COP,UYU,buy,0.01126
2019-11-01,COP,UYU,sell,0.01126
2019-11-01,DKK,UYU,buy,5.591591
2019-11-01,DKK,UYU,sell,5.591591
2019-11-01,EUR,UYU,buy,41.777921
2019-11-01,EUR,UYU,sell,41.777921
2019-11-01,GBP,UYU,buy,48.41097
2019-11-01,GBP,UYU,sell,48.41097
2019-11-01,HKD,UYU,buy,4.775498
2019-11-01,HKD,UYU,sell,4.775498
2019-11-01,HUF,UYU,buy,0.127381
2019-11-01,HUF,UYU,sell,0.127381
2019-11-01,INR,UYU,buy,0.528485
2019-11-01,INR,UYU,sell,0.528485
2019-11-01,ISK,UYU,buy,0.302963
2019-11-01,ISK,UYU,sell,0.302963
2019-11-01,JPY,UYU,buy,0.345668
2019-11-01,JPY,UYU,sell,0.345668
2019-11-01,KRW,UYU,buy,0.032107
2019-11-01,KRW,UYU,sell,0.032107
2019-11-01,MXN,UYU,buy,1.956798
2019-11-01,MXN,UYU,sell,1.956798
2019-11-01,MYR,UYU,buy,8.984335
2019-11-01,MYR,UYU,sell,8.984335
2019-11-01,NOK,UYU,buy,4.115428
2019-11-01,NOK,UYU,sell,4.115428
2019-11-01,NZD,UYU,buy,24.060475
2019-11-01,NZD,UYU,sell,24.060475
2019-11-01,PEN,UYU,buy,11.187778
2019-11-01,PEN,UYU,sell,11.187778
2019-11-01,PYG,UYU,buy,0.005801
2019-11-01,PYG,UYU,sell,0.005801
2019-11-01,RUB,UYU,buy,0.58942
2019-11-01,RUB,UYU,sell,0.58942
2019-11-01,SEK,UYU,buy,3.911285
2019-11-01,SEK,UYU,sell,3.911285
2019-11-01,TRY,UYU,buy,6.552962
2019-11-01,TRY,UYU,sell,6.552962
2019-11-01,USD,UYU,buy,37.422
2019-11-01,USD,UYU,sell,37.422
2019-11-01,VES,UYU,buy,0.001601
2019-11-01,VES,UYU,sell,0.001601
2019-11-01,XDR,UYU,buy,51.643108
2019-11-01,XDR,UYU,sell,51.643108
2019-11-01,ZAR,UYU,buy,2.492573
2019-11-01,ZAR,UYU,sell,2.492573
2019-11-04,ARS,UYU,buy,0.624336
2019-11-04,ARS,UYU,sell,0.624336
2019-11-04,AUD,UYU,buy,25.673845
2019-11-04,AUD,UYU,sell,25.673845
2019-11-04,BRL,UYU,buy,9.301444
2019-11-04,BRL,UYU,sell,9.301444
2019-11-04,CAD,UYU,buy,28.34569
2019-11-04,CAD,UYU,sell,28.34569
2019-11-04,CHF,UYU,buy,37.734474
2019-11-04,CHF,UYU,sell,37.734474
2019-11-04,CLP,UYU,buy,0.050375
2019-11-04,CLP,UYU,sell,0.050375
2019-11-04,CNY,UYU,buy,5.302117
2019-11-04,CNY,UYU,sell,5.302117
2019-11-04,COP,UYU,buy,0.011218
2019-11-04,COP,UYU,sell,0.011218
2019-11-04,DKK,UYU,buy,5.554628
2019-11-04,DKK,UYU,sell,5.554628
2019-11-04,EUR,UYU,buy,41.503098
2019-11-04,EUR,UYU,sell,41.503098
2019-11-04,GBP,UYU,buy,48.009624
2019-11-04,GBP,UYU,sell,48.009624
2019-11-04,HKD,UYU,buy,4.756867
2019-11-04,HKD,UYU,sell,4.756867
2019-11-04,HUF,UYU,buy,0.126011
2019-11-04,HUF,UYU,sell,0.126011
2019-11-04,INR,UYU,buy,0.526758
2019-11-04,INR,UYU,sell,0.526758
2019-11-04,ISK,UYU,buy,0.300941
2019-11-04,ISK,UYU,sell,0.300941
2019-11-04,JPY,UYU,buy,0.343115
2019-11-04,JPY,UYU,sell,0.343115
2019-11-04,KRW,UYU,buy,0.032156
2019-11-04,KRW,UYU,sell,0.032156
2019-11-04,MXN,UYU,buy,1.94324
2019-11-04,MXN,UYU,sell,1.94324
2019-11-04,MYR,UYU,buy,8.981087
2019-11-04,MYR,UYU,sell,8.981087
2019-11-04,NOK,UYU,buy,4.082759
2019-11-04,NOK,UYU,sell,4.082759
2019-11-04,NZD,UYU,buy,23.862231
2019-11-04,NZD,UYU,sell,23.862231
2019-11-04,PEN,UYU,buy,11.183247
2019-11-04,PEN,UYU,sell,11.183247
2019-11-04,PYG,UYU,buy,0.005799
2019-11-04,PYG,UYU,sell,0.005799
2019-11-04,RUB,UYU,buy,0.587661
2019-11-04,RUB,UYU,sell,0.587661
2019-11-04,SEK,UYU,buy,3.878513
2019-11-04,SEK,UYU,sell,3.878513
2019-11-04,TRY,UYU,buy,6.497812
2019-11-04,TRY,UYU,sell,6.497812
2019-11-04,USD,UYU,buy,37.276
2019-11-04,USD,UYU,sell,37.276
2019-11-04,VES,UYU,buy,0.001595
2019-11-04,VES,UYU,sell,0.001595
2019-11-04,XDR,UYU,buy,51.432307
2019-11-04,XDR,UYU,sell,51.432307
2019-11-04,ZAR,UYU,buy,2.521681
2019-11-04,ZAR,UYU,sell,2.521681
2019-11-05,ARS,UYU,buy,0.625867
2019-11-05,ARS,UYU,sell,0.625867
2019-11-05,AUD,UYU,buy,25.745039
2019-11-05,AUD,UYU,sell,25.745039
2019-11-05,BRL,UYU,buy,9.355752
2019-11-05,BRL,UYU,sell,9.355752
2019-11-05,CAD,UYU,buy,28.382683
2019-11-05,CAD,UYU,sell,28.382683
2019-11-05,CHF,UYU,buy,37.601088
2019-11-05,CHF,UYU,sell,37.601088
2019-11-05,CLP,UYU,buy,0.049882
2019-11-05,CLP,UYU,sell,0.049882
2019-11-05,CNY,UYU,buy,5.326334
2019-11-05,CNY,UYU,sell,5.326334
2019-11-05,COP,UYU,buy,0.011277
2019-11-05,COP,UYU,sell,0.011277
2019-11-05,DKK,UYU,buy,5.531054
2019-11-05,DKK,UYU,sell,5.531054
2019-11-05,EUR,UYU,buy,41.330952
2019-11-05,EUR,UYU,sell,41.330952
2019-11-05,GBP,UYU,buy,48.127971
2019-11-05,GBP,UYU,sell,48.127971
2019-11-05,HKD,UYU,buy,4.766683
2019-11-05,HKD,UYU,sell,4.766683
2019-11-05,HUF,UYU,buy,0.124767
2019-11-05,HUF,UYU,sell,0.124767
2019-11-05,INR,UYU,buy,0.528175
2019-11-05,INR,UYU,sell,0.528175
2019-11-05,ISK,UYU,buy,0.300153
2019-11-05,ISK,UYU,sell,0.300153
2019-11-05,JPY,UYU,buy,0.342046
2019-11-05,JPY,UYU,sell,0.342046
2019-11-05,KRW,UYU,buy,0.032257
2019-11-05,KRW,UYU,sell,0.032257
2019-11-05,MXN,UYU,buy,1.943617
2019-11-05,MXN,UYU,sell,1.943617
2019-11-05,MYR,UYU,buy,9.038005
2019-11-05,MYR,UYU,sell,9.038005
2019-11-05,NOK,UYU,buy,4.066416
2019-11-05,NOK,UYU,sell,4.066416
2019-11-05,NZD,UYU,buy,23.837169
2019-11-05,NZD,UYU,sell,23.837169
2019-11-05,PEN,UYU,buy,11.187822
2019-11-05,PEN,UYU,sell,11.187822
2019-11-05,PYG,UYU,buy,0.005803
2019-11-05,PYG,UYU,sell,0.005803
2019-11-05,RUB,UYU,buy,0.588255
2019-11-05,RUB,UYU,sell,0.588255
2019-11-05,SEK,UYU,buy,3.86455
2019-11-05,SEK,UYU,sell,3.86455
2019-11-05,TRY,UYU,buy,6.486505
2019-11-05,TRY,UYU,sell,6.486505
2019-11-05,USD,UYU,buy,37.336
2019-11-05,USD,UYU,sell,37.336
2019-11-05,VES,UYU,buy,0.001662
2019-11-05,VES,UYU,sell,0.001662
2019-11-05,XDR,UYU,buy,51.453115
2019-11-05,XDR,UYU,sell,51.453115
2019-11-05,ZAR,UYU,buy,2.529762
2019-11-05,ZAR,UYU,sell,2.529762
2019-11-06,ARS,UYU,buy,0.627879
2019-11-06,ARS,UYU,sell,0.627879
2019-11-06,AUD,UYU,buy,25.760364
2019-11-06,AUD,UYU,sell,25.760364
2019-11-06,BRL,UYU,buy,9.192784
2019-11-06,BRL,UYU,sell,9.192784
2019-11-06,CAD,UYU,buy,28.413427
2019-11-06,CAD,UYU,sell,28.413427
2019-11-06,CHF,UYU,buy,37.744747
2019-11-06,CHF,UYU,sell,37.744747
2019-11-06,CLP,UYU,buy,0.050548
2019-11-06,CLP,UYU,sell,0.050548
2019-11-06,CNY,UYU,buy,5.35231
2019-11-06,CNY,UYU,sell,5.35231
2019-11-06,COP,UYU,buy,0.011221
2019-11-06,COP,UYU,sell,0.011221
2019-11-06,DKK,UYU,buy,5.549407
2019-11-06,DKK,UYU,sell,5.549407
2019-11-06,EUR,UYU,buy,41.461919
2019-11-06,EUR,UYU,sell,41.461919
2019-11-06,GBP,UYU,buy,48.129087
2019-11-06,GBP,UYU,sell,48.129087
2019-11-06,HKD,UYU,buy,4.785456
2019-11-06,HKD,UYU,sell,4.785456
2019-11-06,HUF,UYU,buy,0.124905
2019-11-06,HUF,UYU,sell,0.124905
2019-11-06,INR,UYU,buy,0.527633
2019-11-06,INR,UYU,sell,0.527633
2019-11-06,ISK,UYU,buy,0.301117
2019-11-06,ISK,UYU,sell,0.301117
2019-11-06,JPY,UYU,buy,0.343917
2019-11-06,JPY,UYU,sell,0.343917
2019-11-06,KRW,UYU,buy,0.032362
2019-11-06,KRW,UYU,sell,0.032362
2019-11-06,MXN,UYU,buy,1.95328
2019-11-06,MXN,UYU,sell,1.95328
2019-11-06,MYR,UYU,buy,9.05281
2019-11-06,MYR,UYU,sell,9.05281
2019-11-06,NOK,UYU,buy,4.087499
2019-11-06,NOK,UYU,sell,4.087499
2019-11-06,NZD,UYU,buy,23.853854
2019-11-06,NZD,UYU,sell,23.853854
2019-11-06,PEN,UYU,buy,11.214036
2019-11-06,PEN,UYU,sell,11.214036
2019-11-06,PYG,UYU,buy,0.005821
2019-11-06,PYG,UYU,sell,0.005821
2019-11-06,RUB,UYU,buy,0.585813
2019-11-06,RUB,UYU,sell,0.585813
2019-11-06,SEK,UYU,buy,3.891573
2019-11-06,SEK,UYU,sell,3.891573
2019-11-06,TRY,UYU,buy,6.502439
2019-11-06,TRY,UYU,sell,6.502439
2019-11-06,USD,UYU,buy,37.456
2019-11-06,USD,UYU,sell,37.456
2019-11-06,VES,UYU,buy,0.001667
2019-11-06,VES,UYU,sell,0.001667
2019-11-06,XDR,UYU,buy,51.551067
2019-11-06,XDR,UYU,sell,51.551067
2019-11-06,ZAR,UYU,buy,2.526185
2019-11-06,ZAR,UYU,sell,2.526185
2019-11-07,ARS,UYU,buy,0.628322
2019-11-07,ARS,UYU,sell,0.628322
2019-11-07,AUD,UYU,buy,25.867897
2019-11-07,AUD,UYU,sell,25.867897
2019-11-07,BRL,UYU,buy,9.16049
2019-11-07,BRL,UYU,sell,9.16049
2019-11-07,CAD,UYU,buy,28.410272
2019-11-07,CAD,UYU,sell,28.410272
2019-11-07,CHF,UYU,buy,37.563569
2019-11-07,CHF,UYU,sell,37.563569
2019-11-07,CLP,UYU,buy,0.050495
2019-11-07,CLP,UYU,sell,0.050495
2019-11-07,CNY,UYU,buy,5.366416
2019-11-07,CNY,UYU,sell,5.366416
2019-11-07,COP,UYU,buy,0.011279
2019-11-07,COP,UYU,sell,0.011279
2019-11-07,DKK,UYU,buy,5.534921
2019-11-07,DKK,UYU,sell,5.534921
2019-11-07,EUR,UYU,buy,41.364293
2019-11-07,EUR,UYU,sell,41.364293
2019-11-07,GBP,UYU,buy,47.996511
2019-11-07,GBP,UYU,sell,47.996511
2019-11-07,HKD,UYU,buy,4.784806
2019-11-07,HKD,UYU,sell,4.784806
2019-11-07,HUF,UYU,buy,0.124314
2019-11-07,HUF,UYU,sell,0.124314
2019-11-07,INR,UYU,buy,0.527692
2019-11-07,INR,UYU,sell,0.527692
2019-11-07,ISK,UYU,buy,0.300397
2019-11-07,ISK,UYU,sell,0.300397
2019-11-07,JPY,UYU,buy,0.342156
2019-11-07,JPY,UYU,sell,0.342156
2019-11-07,KRW,UYU,buy,0.032301
2019-11-07,KRW,UYU,sell,0.032301
2019-11-07,MXN,UYU,buy,1.958461
2019-11-07,MXN,UYU,sell,1.958461
2019-11-07,MYR,UYU,buy,9.080747
2019-11-07,MYR,UYU,sell,9.080747
2019-11-07,NOK,UYU,buy,4.111186
2019-11-07,NOK,UYU,sell,4.111186
2019-11-07,NZD,UYU,buy,23.830671
2019-11-07,NZD,UYU,sell,23.830671
2019-11-07,PEN,UYU,buy,11.198696
2019-11-07,PEN,UYU,sell,11.198696
2019-11-07,PYG,UYU,buy,0.005797
2019-11-07,PYG,UYU,sell,0.005797
2019-11-07,RUB,UYU,buy,0.590363
2019-11-07,RUB,UYU,sell,0.590363
2019-11-07,SEK,UYU,buy,3.889674
2019-11-07,SEK,UYU,sell,3.889674
2019-11-07,TRY,UYU,buy,6.522284
2019-11-07,TRY,UYU,sell,6.522284
2019-11-07,USD,UYU,buy,37.449
2019-11-07,USD,UYU,sell,37.449
2019-11-07,VES,UYU,buy,0.001593
2019-11-07,VES,UYU,sell,0.001593
2019-11-07,XDR,UYU,buy,51.533194
2019-11-07,XDR,UYU,sell,51.533194
2019-11-07,ZAR,UYU,buy,2.546278
2019-11-07,ZAR,UYU,sell,2.546278
2019-11-08,ARS,UYU,buy,0.630117
2019-11-08,ARS,UYU,sell,0.630117
2019-11-08,AUD,UYU,buy,25.702137
2019-11-08,AUD,UYU,sell,25.702137
2019-11-08,BRL,UYU,buy,9.039164
2019-11-08,BRL,UYU,sell,9.039164
2019-11-08,CAD,UYU,buy,28.347635
2019-11-08,CAD,UYU,sell,28.347635
2019-11-08,CHF,UYU,buy,37.589854
2019-11-08,CHF,UYU,sell,37.589854
2019-11-08,CLP,UYU,buy,0.050153
2019-11-08,CLP,UYU,sell,0.050153
2019-11-08,CNY,UYU,buy,5.361801
2019-11-08,CNY,UYU,sell,5.361801
2019-11-08,COP,UYU,buy,0.011228
2019-11-08,COP,UYU,sell,0.011228
2019-11-08,DKK,UYU,buy,5.529681
2019-11-08,DKK,UYU,sell,5.529681
2019-11-08,EUR,UYU,buy,41.324012
2019-11-08,EUR,UYU,sell,41.324012
2019-11-08,GBP,UYU,buy,47.915457
2019-11-08,GBP,UYU,sell,47.915457
2019-11-08,HKD,UYU,buy,4.791229
2019-11-08,HKD,UYU,sell,4.791229
2019-11-08,HUF,UYU,buy,0.123875
2019-11-08,HUF,UYU,sell,0.123875
2019-11-08,INR,UYU,buy,0.525964
2019-11-08,INR,UYU,sell,0.525964
2019-11-08,ISK,UYU,buy,0.300108
2019-11-08,ISK,UYU,sell,0.300108
2019-11-08,JPY,UYU,buy,0.343462
2019-11-08,JPY,UYU,sell,0.343462
2019-11-08,KRW,UYU,buy,0.032397
2019-11-08,KRW,UYU,sell,0.032397
2019-11-08,MXN,UYU,buy,1.96298
2019-11-08,MXN,UYU,sell,1.96298
2019-11-08,MYR,UYU,buy,9.066376
2019-11-08,MYR,UYU,sell,9.066376
2019-11-08,NOK,UYU,buy,4.103064
2019-11-08,NOK,UYU,sell,4.103064
2019-11-08,NZD,UYU,buy,23.720579
2019-11-08,NZD,UYU,sell,23.720579
2019-11-08,PEN,UYU,buy,11.165741
2019-11-08,PEN,UYU,sell,11.165741
2019-11-08,PYG,UYU,buy,0.005806
2019-11-08,PYG,UYU,sell,0.005806
2019-11-08,RUB,UYU,buy,0.587559
2019-11-08,RUB,UYU,sell,0.587559
2019-11-08,SEK,UYU,buy,3.861778
2019-11-08,SEK,UYU,sell,3.861778
2019-11-08,TRY,UYU,buy,6.505027
2019-11-08,TRY,UYU,sell,6.505027
2019-11-08,USD,UYU,buy,37.494
2019-11-08,USD,UYU,sell,37.494
2019-11-08,VES,UYU,buy,0.001595
2019-11-08,VES,UYU,sell,0.001595
2019-11-08,XDR,UYU,buy,51.497259
2019-11-08,XDR,UYU,sell,51.497259
2019-11-08,ZAR,UYU,buy,2.525223
2019-11-08,ZAR,UYU,sell,2.525223
2019-11-11,ARS,UYU,buy,0.626375
2019-11-11,ARS,UYU,sell,0.626375
2019-11-11,AUD,UYU,buy,25.691672
2019-11-11,AUD,UYU,sell,25.691672
2019-11-11,BRL,UYU,buy,9.055455
2019-11-11,BRL,UYU,sell,9.055455
2019-11-11,CAD,UYU,buy,28.353319
2019-11-11,CAD,UYU,sell,28.353319
2019-11-11,CHF,UYU,buy,37.734481
2019-11-11,CHF,UYU,sell,37.734481
2019-11-11,CLP,UYU,buy,0.049283
2019-11-11,CLP,UYU,sell,0.049283
2019-11-11,CNY,UYU,buy,5.345848
2019-11-11,CNY,UYU,sell,5.345848
2019-11-11,COP,UYU,buy,0.011232
2019-11-11,COP,UYU,sell,0.011232
2019-11-11,DKK,UYU,buy,5.535476
2019-11-11,DKK,UYU,sell,5.535476
2019-11-11,EUR,UYU,buy,41.360387
2019-11-11,EUR,UYU,sell,41.360387
2019-11-11,GBP,UYU,buy,48.166029
2019-11-11,GBP,UYU,sell,48.166029
2019-11-11,HKD,UYU,buy,4.789051
2019-11-11,HKD,UYU,sell,4.789051
2019-11-11,HUF,UYU,buy,0.123865
2019-11-11,HUF,UYU,sell,0.123865
2019-11-11,INR,UYU,buy,0.524378
2019-11-11,INR,UYU,sell,0.524378
2019-11-11,ISK,UYU,buy,0.300373
2019-11-11,ISK,UYU,sell,0.300373
2019-11-11,JPY,UYU,buy,0.343769
2019-11-11,JPY,UYU,sell,0.343769
2019-11-11,KRW,UYU,buy,0.03213
2019-11-11,KRW,UYU,sell,0.03213
2019-11-11,MXN,UYU,buy,1.959611
2019-11-11,MXN,UYU,sell,1.959611
2019-11-11,MYR,UYU,buy,9.043436
2019-11-11,MYR,UYU,sell,9.043436
2019-11-11,NOK,UYU,buy,4.104215
2019-11-11,NOK,UYU,sell,4.104215
2019-11-11,NZD,UYU,buy,23.872212
2019-11-11,NZD,UYU,sell,23.872212
2019-11-11,PEN,UYU,buy,11.145279
2019-11-11,PEN,UYU,sell,11.145279
2019-11-11,PYG,UYU,buy,0.005791
2019-11-11,PYG,UYU,sell,0.005791
2019-11-11,RUB,UYU,buy,0.586756
2019-11-11,RUB,UYU,sell,0.586756
2019-11-11,SEK,UYU,buy,3.86488
2019-11-11,SEK,UYU,sell,3.86488
2019-11-11,TRY,UYU,buy,6.482167
2019-11-11,TRY,UYU,sell,6.482167
2019-11-11,USD,UYU,buy,37.476
2019-11-11,USD,UYU,sell,37.476
2019-11-11,VES,UYU,buy,0.001458
2019-11-11,VES,UYU,sell,0.001458
2019-11-11,XDR,UYU,buy,51.475535
2019-11-11,XDR,UYU,sell,51.475535
2019-11-11,ZAR,UYU,buy,2.516857
2019-11-11,ZAR,UYU,sell,2.516857
2019-11-12,ARS,UYU,buy,0.62918
2019-11-12,ARS,UYU,sell,0.62918
2019-11-12,AUD,UYU,buy,25.69548
2019-11-12,AUD,UYU,sell,25.69548
2019-11-12,BRL,UYU,buy,9.018139
2019-11-12,BRL,UYU,sell,9.018139
2019-11-12,CAD,UYU,buy,28.402586
2019-11-12,CAD,UYU,sell,28.402586
2019-11-12,CHF,UYU,buy,37.820067
2019-11-12,CHF,UYU,sell,37.820067
2019-11-12,CLP,UYU,buy,0.04792
2019-11-12,CLP,UYU,sell,0.04792
2019-11-12,CNY,UYU,buy,5.359808
2019-11-12,CNY,UYU,sell,5.359808
2019-11-12,COP,UYU,buy,0.011018
2019-11-12,COP,UYU,sell,0.011018
2019-11-12,DKK,UYU,buy,5.532545
2019-11-12,DKK,UYU,sell,5.532545
2019-11-12,EUR,UYU,buy,41.339637
2019-11-12,EUR,UYU,sell,41.339637
2019-11-12,GBP,UYU,buy,48.267763
2019-11-12,GBP,UYU,sell,48.267763
2019-11-12,HKD,UYU,buy,4.798074
2019-11-12,HKD,UYU,sell,4.798074
2019-11-12,HUF,UYU,buy,0.12355
2019-11-12,HUF,UYU,sell,0.12355
2019-11-12,INR,UYU,buy,0.525568
2019-11-12,INR,UYU,sell,0.525568
2019-11-12,ISK,UYU,buy,0.300236
2019-11-12,ISK,UYU,sell,0.300236
2019-11-12,JPY,UYU,buy,0.34428
2019-11-12,JPY,UYU,sell,0.34428
2019-11-12,KRW,UYU,buy,0.032346
2019-11-12,KRW,UYU,sell,0.032346
2019-11-12,MXN,UYU,buy,1.942864
2019-11-12,MXN,UYU,sell,1.942864
2019-11-12,MYR,UYU,buy,9.06723
2019-11-12,MYR,UYU,sell,9.06723
2019-11-12,NOK,UYU,buy,4.101397
2019-11-12,NOK,UYU,sell,4.101397
2019-11-12,NZD,UYU,buy,23.770479
2019-11-12,NZD,UYU,sell,23.770479
2019-11-12,PEN,UYU,buy,11.103688
2019-11-12,PEN,UYU,sell,11.103688
2019-11-12,PYG,UYU,buy,0.005812
2019-11-12,PYG,UYU,sell,0.005812
2019-11-12,RUB,UYU,buy,0.58489
2019-11-12,RUB,UYU,sell,0.58489
2019-11-12,SEK,UYU,buy,3.865255
2019-11-12,SEK,UYU,sell,3.865255
2019-11-12,TRY,UYU,buy,6.501986
2019-11-12,TRY,UYU,sell,6.501986
2019-11-12,USD,UYU,buy,37.561
2019-11-12,USD,UYU,sell,37.561
2019-11-12,VES,UYU,buy,0.001404
2019-11-12,VES,UYU,sell,0.001404
2019-11-12,XDR,UYU,buy,51.571253
2019-11-12,XDR,UYU,sell,51.571253
2019-11-12,ZAR,UYU,buy,2.513198
2019-11-12,ZAR,UYU,sell,2.513198
2019-11-13,ARS,UYU,buy,0.629009
2019-11-13,ARS,UYU,sell,0.629009
2019-11-13,AUD,UYU,buy,25.665091
2019-11-13,AUD,UYU,sell,25.665091
2019-11-13,BRL,UYU,buy,8.977631
2019-11-13,BRL,UYU,sell,8.977631
2019-11-13,CAD,UYU,buy,28.335659
2019-11-13,CAD,UYU,sell,28.335659
2019-11-13,CHF,UYU,buy,37.974223
2019-11-13,CHF,UYU,sell,37.974223
2019-11-13,CLP,UYU,buy,0.047254
2019-11-13,CLP,UYU,sell,0.047254
2019-11-13,CNY,UYU,buy,5.348692
2019-11-13,CNY,UYU,sell,5.348692
2019-11-13,COP,UYU,buy,0.010956
2019-11-13,COP,UYU,sell,0.010956
2019-11-13,DKK,UYU,buy,5.531896
2019-11-13,DKK,UYU,sell,5.531896
2019-11-13,EUR,UYU,buy,41.339505
2019-11-13,EUR,UYU,sell,41.339505
2019-11-13,GBP,UYU,buy,48.236622
2019-11-13,GBP,UYU,sell,48.236622
2019-11-13,HKD,UYU,buy,4.79718
2019-11-13,HKD,UYU,sell,4.79718
2019-11-13,HUF,UYU,buy,0.123707
2019-11-13,HUF,UYU,sell,0.123707
2019-11-13,INR,UYU,buy,0.521108
2019-11-13,INR,UYU,sell,0.521108
2019-11-13,ISK,UYU,buy,0.300204
2019-11-13,ISK,UYU,sell,0.300204
2019-11-13,JPY,UYU,buy,0.345514
2019-11-13,JPY,UYU,sell,0.345514
2019-11-13,KRW,UYU,buy,0.032174
2019-11-13,KRW,UYU,sell,0.032174
2019-11-13,MXN,UYU,buy,1.928905
2019-11-13,MXN,UYU,sell,1.928905
2019-11-13,MYR,UYU,buy,9.043332
2019-11-13,MYR,UYU,sell,9.043332
2019-11-13,NOK,UYU,buy,4.088661
2019-11-13,NOK,UYU,sell,4.088661
2019-11-13,NZD,UYU,buy,24.085441
2019-11-13,NZD,UYU,sell,24.085441
2019-11-13,PEN,UYU,buy,11.086485
2019-11-13,PEN,UYU,sell,11.086485
2019-11-13,PYG,UYU,buy,0.005819
2019-11-13,PYG,UYU,sell,0.005819
2019-11-13,RUB,UYU,buy,0.583546
2019-11-13,RUB,UYU,sell,0.583546
2019-11-13,SEK,UYU,buy,3.858701
2019-11-13,SEK,UYU,sell,3.858701
2019-11-13,TRY,UYU,buy,6.540725
2019-11-13,TRY,UYU,sell,6.540725
2019-11-13,USD,UYU,buy,37.566
2019-11-13,USD,UYU,sell,37.566
2019-11-13,VES,UYU,buy,0.001345
2019-11-13,VES,UYU,sell,0.001345
2019-11-13,XDR,UYU,buy,51.565346
2019-11-13,XDR,UYU,sell,51.565346
2019-11-13,ZAR,UYU,buy,2.513987
2019-11-13,ZAR,UYU,sell,2.513987
2019-11-14,ARS,UYU,buy,0.631241
2019-11-14,ARS,UYU,sell,0.631241
2019-11-14,AUD,UYU,buy,25.545911
2019-11-14,AUD,UYU,sell,25.545911
2019-11-14,BRL,UYU,buy,8.993458
2019-11-14,BRL,UYU,sell,8.993458
2019-11-14,CAD,UYU,buy,28.409819
2019-11-14,CAD,UYU,sell,28.409819
2019-11-14,CHF,UYU,buy,38.12753
2019-11-14,CHF,UYU,sell,38.12753
2019-11-14,CLP,UYU,buy,0.046933
2019-11-14,CLP,UYU,sell,0.046933
2019-11-14,CNY,UYU,buy,5.365485
2019-11-14,CNY,UYU,sell,5.365485
2019-11-14,COP,UYU,buy,0.010906
2019-11-14,COP,UYU,sell,0.010906
2019-11-14,DKK,UYU,buy,5.557195
2019-11-14,DKK,UYU,sell,5.557195
2019-11-14,EUR,UYU,buy,41.525525
2019-11-14,EUR,UYU,sell,41.525525
2019-11-14,GBP,UYU,buy,48.509543
2019-11-14,GBP,UYU,sell,48.509543
2019-11-14,HKD,UYU,buy,4.812028
2019-11-14,HKD,UYU,sell,4.812028
2019-11-14,HUF,UYU,buy,0.124262
2019-11-14,HUF,UYU,sell,0.124262
2019-11-14,INR,UYU,buy,0.523413
2019-11-14,INR,UYU,sell,0.523413
2019-11-14,ISK,UYU,buy,0.305552
2019-11-14,ISK,UYU,sell,0.305552
2019-11-14,JPY,UYU,buy,0.347718
2019-11-14,JPY,UYU,sell,0.347718
2019-11-14,KRW,UYU,buy,0.032202
2019-11-14,KRW,UYU,sell,0.032202
2019-11-14,MXN,UYU,buy,1.94322
2019-11-14,MXN,UYU,sell,1.94322
2019-11-14,MYR,UYU,buy,9.062914
2019-11-14,MYR,UYU,sell,9.062914
2019-11-14,NOK,UYU,buy,4.107894
2019-11-14,NOK,UYU,sell,4.107894
2019-11-14,NZD,UYU,buy,23.961887
2019-11-14,NZD,UYU,sell,23.961887
2019-11-14,PEN,UYU,buy,11.120295
2019-11-14,PEN,UYU,sell,11.120295
2019-11-14,PYG,UYU,buy,0.005838
2019-11-14,PYG,UYU,sell,0.005838
2019-11-14,RUB,UYU,buy,0.5881
2019-11-14,RUB,UYU,sell,0.5881
2019-11-14,SEK,UYU,buy,3.885869
2019-11-14,SEK,UYU,sell,3.885869
2019-11-14,TRY,UYU,buy,6.545044
2019-11-14,TRY,UYU,sell,6.545044
2019-11-14,USD,UYU,buy,37.67
2019-11-14,USD,UYU,sell,37.67
2019-11-14,VES,UYU,buy,0.001349
2019-11-14,VES,UYU,sell,0.001349
2019-11-14,XDR,UYU,buy,51.691904
2019-11-14,XDR,UYU,sell,51.691904
2019-11-14,ZAR,UYU,buy,2.539068
2019-11-14,ZAR,UYU,sell,2.539068
2019-11-15,ARS,UYU,buy,0.630981
2019-11-15,ARS,UYU,sell,0.630981
2019-11-15,AUD,UYU,buy,25.658637
2019-11-15,AUD,UYU,sell,25.658637
2019-11-15,BRL,UYU,buy,8.987898
2019-11-15,BRL,UYU,sell,8.987898
2019-11-15,CAD,UYU,buy,28.45064
2019-11-15,CAD,UYU,sell,28.45064
2019-11-15,CHF,UYU,buy,38.050629
2019-11-15,CHF,UYU,sell,38.050629
2019-11-15,CLP,UYU,buy,0.048442
2019-11-15,CLP,UYU,sell,0.048442
2019-11-15,CNY,UYU,buy,5.371786
2019-11-15,CNY,UYU,sell,5.371786
2019-11-15,COP,UYU,buy,0.010989
2019-11-15,COP,UYU,sell,0.010989
2019-11-15,DKK,UYU,buy,5.570176
2019-11-15,DKK,UYU,sell,5.570176
2019-11-15,EUR,UYU,buy,41.625392
2019-11-15,EUR,UYU,sell,41.625392
2019-11-15,GBP,UYU,buy,48.581783
2019-11-15,GBP,UYU,sell,48.581783
2019-11-15,HKD,UYU,buy,4.811178
2019-11-15,HKD,UYU,sell,4.811178
2019-11-15,HUF,UYU,buy,0.124456
2019-11-15,HUF,UYU,sell,0.124456
2019-11-15,INR,UYU,buy,0.524488
2019-11-15,INR,UYU,sell,0.524488
2019-11-15,ISK,UYU,buy,0.306284
2019-11-15,ISK,UYU,sell,0.306284
2019-11-15,JPY,UYU,buy,0.346075
2019-11-15,JPY,UYU,sell,0.346075
2019-11-15,KRW,UYU,buy,0.032261
2019-11-15,KRW,UYU,sell,0.032261
2019-11-15,MXN,UYU,buy,1.959175
2019-11-15,MXN,UYU,sell,1.959175
2019-11-15,MYR,UYU,buy,9.06755
2019-11-15,MYR,UYU,sell,9.06755
2019-11-15,NOK,UYU,buy,4.14772
2019-11-15,NOK,UYU,sell,4.14772
2019-11-15,NZD,UYU,buy,24.099803
2019-11-15,NZD,UYU,sell,24.099803
2019-11-15,PEN,UYU,buy,11.191761
2019-11-15,PEN,UYU,sell,11.191761
2019-11-15,PYG,UYU,buy,0.005844
2019-11-15,PYG,UYU,sell,0.005844
2019-11-15,RUB,UYU,buy,0.590956
2019-11-15,RUB,UYU,sell,0.590956
2019-11-15,SEK,UYU,buy,3.907717
2019-11-15,SEK,UYU,sell,3.907717
2019-11-15,TRY,UYU,buy,6.561356
2019-11-15,TRY,UYU,sell,6.561356
2019-11-15,USD,UYU,buy,37.653
2019-11-15,USD,UYU,sell,37.653
2019-11-15,VES,UYU,buy,0.001253
2019-11-15,VES,UYU,sell,0.001253
2019-11-15,XDR,UYU,buy,51.754425
2019-11-15,XDR,UYU,sell,51.754425
2019-11-15,ZAR,UYU,buy,2.557488
2019-11-15,ZAR,UYU,sell,2.557488
2019-11-18,ARS,UYU,buy,0.633089
2019-11-18,ARS,UYU,sell,0.633089
2019-11-18,AUD,UYU,buy,25.656916
2019-11-18,AUD,UYU,sell,25.656916
2019-11-18,BRL,UYU,buy,8.969452
2019-11-18,BRL,UYU,sell,8.969452
2019-11-18,CAD,UYU,buy,28.500284
2019-11-18,CAD,UYU,sell,28.500284
2019-11-18,CHF,UYU,buy,38.107575
2019-11-18,CHF,UYU,sell,38.107575
2019-11-18,CLP,UYU,buy,0.048736
2019-11-18,CLP,UYU,sell,0.048736
2019-11-18,CNY,UYU,buy,5.359751
2019-11-18,CNY,UYU,sell,5.359751
2019-11-18,COP,UYU,buy,0.010938
2019-11-18,COP,UYU,sell,0.010938
2019-11-18,DKK,UYU,buy,5.582968
2019-11-18,DKK,UYU,sell,5.582968
2019-11-18,EUR,UYU,buy,41.715317
2019-11-18,EUR,UYU,sell,41.715317
2019-11-18,GBP,UYU,buy,48.822887
2019-11-18,GBP,UYU,sell,48.822887
2019-11-18,HKD,UYU,buy,4.810486
2019-11-18,HKD,UYU,sell,4.810486
2019-11-18,HUF,UYU,buy,0.124355
2019-11-18,HUF,UYU,sell,0.124355
2019-11-18,INR,UYU,buy,0.524156
2019-11-18,INR,UYU,sell,0.524156
2019-11-18,ISK,UYU,buy,0.306059
2019-11-18,ISK,UYU,sell,0.306059
2019-11-18,JPY,UYU,buy,0.346788
2019-11-18,JPY,UYU,sell,0.346788
2019-11-18,KRW,UYU,buy,0.03234
2019-11-18,KRW,UYU,sell,0.03234
2019-11-18,MXN,UYU,buy,1.952509
2019-11-18,MXN,UYU,sell,1.952509
2019-11-18,MYR,UYU,buy,9.060635
2019-11-18,MYR,UYU,sell,9.060635
2019-11-18,NOK,UYU,buy,4.133434
2019-11-18,NOK,UYU,sell,4.133434
2019-11-18,NZD,UYU,buy,24.11302
2019-11-18,NZD,UYU,sell,24.11302
2019-11-18,PEN,UYU,buy,11.159648
2019-11-18,PEN,UYU,sell,11.159648
2019-11-18,PYG,UYU,buy,0.005843
2019-11-18,PYG,UYU,sell,0.005843
2019-11-18,RUB,UYU,buy,0.590021
2019-11-18,RUB,UYU,sell,0.590021
2019-11-18,SEK,UYU,buy,3.912739
2019-11-18,SEK,UYU,sell,3.912739
2019-11-18,TRY,UYU,buy,6.55885
2019-11-18,TRY,UYU,sell,6.55885
2019-11-18,USD,UYU,buy,37.656
2019-11-18,USD,UYU,sell,37.656
2019-11-18,VES,UYU,buy,0.001283
2019-11-18,VES,UYU,sell,0.001283
2019-11-18,XDR,UYU,buy,51.802983
2019-11-18,XDR,UYU,sell,51.802983
2019-11-18,ZAR,UYU,buy,2.542495
2019-11-18,ZAR,UYU,sell,2.542495
2019-11-19,ARS,UYU,buy,0.630822
2019-11-19,ARS,UYU,sell,0.630822
2019-11-19,AUD,UYU,buy,25.705868
2019-11-19,AUD,UYU,sell,25.705868
2019-11-19,BRL,UYU,buy,8.972764
2019-11-19,BRL,UYU,sell,8.972764
2019-11-19,CAD,UYU,buy,28.379998
2019-11-19,CAD,UYU,sell,28.379998
2019-11-19,CHF,UYU,buy,38.013325
2019-11-19,CHF,UYU,sell,38.013325
2019-11-19,CLP,UYU,buy,0.047839
2019-11-19,CLP,UYU,sell,0.047839
2019-11-19,CNY,UYU,buy,5.358302
2019-11-19,CNY,UYU,sell,5.358302
2019-11-19,COP,UYU,buy,0.01095
2019-11-19,COP,UYU,sell,0.01095
2019-11-19,DKK,UYU,buy,5.584872
2019-11-19,DKK,UYU,sell,5.584872
2019-11-19,EUR,UYU,buy,41.734145
2019-11-19,EUR,UYU,sell,41.734145
2019-11-19,GBP,UYU,buy,48.660966
2019-11-19,GBP,UYU,sell,48.660966
2019-11-19,HKD,UYU,buy,4.810701
2019-11-19,HKD,UYU,sell,4.810701
2019-11-19,HUF,UYU,buy,0.125278
2019-11-19,HUF,UYU,sell,0.125278
2019-11-19,INR,UYU,buy,0.525069
2019-11-19,INR,UYU,sell,0.525069
2019-11-19,ISK,UYU,buy,0.306645
2019-11-19,ISK,UYU,sell,0.306645
2019-11-19,JPY,UYU,buy,0.347092
2019-11-19,JPY,UYU,sell,0.347092
2019-11-19,KRW,UYU,buy,0.032247
2019-11-19,KRW,UYU,sell,0.032247
2019-11-19,MXN,UYU,buy,1.944624
2019-11-19,MXN,UYU,sell,1.944624
2019-11-19,MYR,UYU,buy,9.058456
2019-11-19,MYR,UYU,sell,9.058456
2019-11-19,NOK,UYU,buy,4.125668
2019-11-19,NOK,UYU,sell,4.125668
2019-11-19,NZD,UYU,buy,24.195863
2019-11-19,NZD,UYU,sell,24.195863
2019-11-19,PEN,UYU,buy,11.151716
2019-11-19,PEN,UYU,sell,11.151716
2019-11-19,PYG,UYU,buy,0.005813
2019-11-19,PYG,UYU,sell,0.005813
2019-11-19,RUB,UYU,buy,0.590144
2019-11-19,RUB,UYU,sell,0.590144
2019-11-19,SEK,UYU,buy,3.908474
2019-11-19,SEK,UYU,sell,3.908474
2019-11-19,TRY,UYU,buy,6.608635
2019-11-19,TRY,UYU,sell,6.608635
2019-11-19,USD,UYU,buy,37.656
2019-11-19,USD,UYU,sell,37.656
2019-11-19,VES,UYU,buy,0.001302
2019-11-19,VES,UYU,sell,0.001302
2019-11-19,XDR,UYU,buy,51.827836
2019-11-19,XDR,UYU,sell,51.827836
2019-11-19,ZAR,UYU,buy,2.550744
2019-11-19,ZAR,UYU,sell,2.550744
2019-11-20,ARS,UYU,buy,0.630842
2019-11-20,ARS,UYU,sell,0.630842
2019-11-20,AUD,UYU,buy,25.604085
2019-11-20,AUD,UYU,sell,25.604085
2019-11-20,BRL,UYU,buy,8.977793
2019-11-20,BRL,UYU,sell,8.977793
2019-11-20,CAD,UYU,buy,28.296346
2019-11-20,CAD,UYU,sell,28.296346
2019-11-20,CHF,UYU,buy,38.008675
2019-11-20,CHF,UYU,sell,38.008675
2019-11-20,CLP,UYU,buy,0.047373
2019-11-20,CLP,UYU,sell,0.047373
2019-11-20,CNY,UYU,buy,5.352749
2019-11-20,CNY,UYU,sell,5.352749
2019-11-20,COP,UYU,buy,0.010943
2019-11-20,COP,UYU,sell,0.010943
2019-11-20,DKK,UYU,buy,5.580314
2019-11-20,DKK,UYU,sell,5.580314
2019-11-20,EUR,UYU,buy,41.703894
2019-11-20,EUR,UYU,sell,41.703894
2019-11-20,GBP,UYU,buy,48.661137
2019-11-20,GBP,UYU,sell,48.661137
2019-11-20,HKD,UYU,buy,4.815049
2019-11-20,HKD,UYU,sell,4.815049
2019-11-20,HUF,UYU,buy,0.12507
2019-11-20,HUF,UYU,sell,0.12507
2019-11-20,INR,UYU,buy,0.524626
2019-11-20,INR,UYU,sell,0.524626
2019-11-20,ISK,UYU,buy,0.306887
2019-11-20,ISK,UYU,sell,0.306887
2019-11-20,JPY,UYU,buy,0.347055
2019-11-20,JPY,UYU,sell,0.347055
2019-11-20,KRW,UYU,buy,0.032201
2019-11-20,KRW,UYU,sell,0.032201
2019-11-20,MXN,UYU,buy,1.933395
2019-11-20,MXN,UYU,sell,1.933395
2019-11-20,MYR,UYU,buy,9.046339
2019-11-20,MYR,UYU,sell,9.046339
2019-11-20,NOK,UYU,buy,4.119142
2019-11-20,NOK,UYU,sell,4.119142
2019-11-20,NZD,UYU,buy,24.166669
2019-11-20,NZD,UYU,sell,24.166669
2019-11-20,PEN,UYU,buy,11.135971
2019-11-20,PEN,UYU,sell,11.135971
2019-11-20,PYG,UYU,buy,0.005819
2019-11-20,PYG,UYU,sell,0.005819
2019-11-20,RUB,UYU,buy,0.589632
2019-11-20,RUB,UYU,sell,0.589632
2019-11-20,SEK,UYU,buy,3.907067
2019-11-20,SEK,UYU,sell,3.907067
2019-11-20,TRY,UYU,buy,6.608726
2019-11-20,TRY,UYU,sell,6.608726
2019-11-20,USD,UYU,buy,37.678
2019-11-20,USD,UYU,sell,37.678
2019-11-20,VES,UYU,buy,0.001303
2019-11-20,VES,UYU,sell,0.001303
2019-11-20,XDR,UYU,buy,51.814032
2019-11-20,XDR,UYU,sell,51.814032
2019-11-20,ZAR,UYU,buy,2.544375
2019-11-20,ZAR,UYU,sell,2.544375
2019-11-21,ARS,UYU,buy,0.631058
2019-11-21,ARS,UYU,sell,0.631058
2019-11-21,AUD,UYU,buy,25.614287
2019-11-21,AUD,UYU,sell,25.614287
2019-11-21,BRL,UYU,buy,8.97009
2019-11-21,BRL,UYU,sell,8.97009
2019-11-21,CAD,UYU,buy,28.420934
2019-11-21,CAD,UYU,sell,28.420934
2019-11-21,CHF,UYU,buy,37.999497
2019-11-21,CHF,UYU,sell,37.999497
2019-11-21,CLP,UYU,buy,0.047458
2019-11-21,CLP,UYU,sell,0.047458
2019-11-21,CNY,UYU,buy,5.367016
2019-11-21,CNY,UYU,sell,5.367016
2019-11-21,COP,UYU,buy,0.011036
2019-11-21,COP,UYU,sell,0.011036
2019-11-21,DKK,UYU,buy,5.584978
2019-11-21,DKK,UYU,sell,5.584978
2019-11-21,EUR,UYU,buy,41.736209
2019-11-21,EUR,UYU,sell,41.736209
2019-11-21,GBP,UYU,buy,48.671486
2019-11-21,GBP,UYU,sell,48.671486
2019-11-21,HKD,UYU,buy,4.826039
2019-11-21,HKD,UYU,sell,4.826039
2019-11-21,HUF,UYU,buy,0.124799
2019-11-21,HUF,UYU,sell,0.124799
2019-11-21,INR,UYU,buy,0.525925
2019-11-21,INR,UYU,sell,0.525925
2019-11-21,ISK,UYU,buy,0.306219
2019-11-21,ISK,UYU,sell,0.306219
2019-11-21,JPY,UYU,buy,0.347429
2019-11-21,JPY,UYU,sell,0.347429
2019-11-21,KRW,UYU,buy,0.032038
2019-11-21,KRW,UYU,sell,0.032038
2019-11-21,MXN,UYU,buy,1.944809
2019-11-21,MXN,UYU,sell,1.944809
2019-11-21,MYR,UYU,buy,9.051622
2019-11-21,MYR,UYU,sell,9.051622
2019-11-21,NOK,UYU,buy,4.128144
2019-11-21,NOK,UYU,sell,4.128144
2019-11-21,NZD,UYU,buy,24.164956
2019-11-21,NZD,UYU,sell,24.164956
2019-11-21,PEN,UYU,buy,11.186591
2019-11-21,PEN,UYU,sell,11.186591
2019-11-21,PYG,UYU,buy,0.005836
2019-11-21,PYG,UYU,sell,0.005836
2019-11-21,RUB,UYU,buy,0.592378
2019-11-21,RUB,UYU,sell,0.592378
2019-11-21,SEK,UYU,buy,3.913686
2019-11-21,SEK,UYU,sell,3.913686
2019-11-21,TRY,UYU,buy,6.621753
2019-11-21,TRY,UYU,sell,6.621753
2019-11-21,USD,UYU,buy,37.743
2019-11-21,USD,UYU,sell,37.743
2019-11-21,VES,UYU,buy,0.001177
2019-11-21,VES,UYU,sell,0.001177
2019-11-21,XDR,UYU,buy,51.962675
2019-11-21,XDR,UYU,sell,51.962675
2019-11-21,ZAR,UYU,buy,2.569526
2019-11-21,ZAR,UYU,sell,2.569526
2019-11-22,ARS,UYU,buy,0.631889
2019-11-22,ARS,UYU,sell,0.631889
2019-11-22,AUD,UYU,buy,25.623168
2019-11-22,AUD,UYU,sell,25.623168
2019-11-22,BRL,UYU,buy,9.02261
2019-11-22,BRL,UYU,sell,9.02261
2019-11-22,CAD,UYU,buy,28.412382
2019-11-22,CAD,UYU,sell,28.412382
2019-11-22,CHF,UYU,buy,37.868458
2019-11-22,CHF,UYU,sell,37.868458
2019-11-22,CLP,UYU,buy,0.04728
2019-11-22,CLP,UYU,sell,0.04728
2019-11-22,CNY,UYU,buy,5.365743
2019-11-22,CNY,UYU,sell,5.365743
2019-11-22,COP,UYU,buy,0.011028
2019-11-22,COP,UYU,sell,0.011028
2019-11-22,DKK,UYU,buy,5.573633
2019-11-22,DKK,UYU,sell,5.573633
2019-11-22,EUR,UYU,buy,41.650868
2019-11-22,EUR,UYU,sell,41.650868
2019-11-22,GBP,UYU,buy,48.49668
2019-11-22,GBP,UYU,sell,48.49668
2019-11-22,HKD,UYU,buy,4.827146
2019-11-22,HKD,UYU,sell,4.827146
2019-11-22,HUF,UYU,buy,0.124542
2019-11-22,HUF,UYU,sell,0.124542
2019-11-22,INR,UYU,buy,0.526686
2019-11-22,INR,UYU,sell,0.526686
2019-11-22,ISK,UYU,buy,0.306016
2019-11-22,ISK,UYU,sell,0.306016
2019-11-22,JPY,UYU,buy,0.347742
2019-11-22,JPY,UYU,sell,0.347742
2019-11-22,KRW,UYU,buy,0.032034
2019-11-22,KRW,UYU,sell,0.032034
2019-11-22,MXN,UYU,buy,1.94866
2019-11-22,MXN,UYU,sell,1.94866
2019-11-22,MYR,UYU,buy,9.055382
2019-11-22,MYR,UYU,sell,9.055382
2019-11-22,NOK,UYU,buy,4.124218
2019-11-22,NOK,UYU,sell,4.124218
2019-11-22,NZD,UYU,buy,24.201128
2019-11-22,NZD,UYU,sell,24.201128
2019-11-22,PEN,UYU,buy,11.145209
2019-11-22,PEN,UYU,sell,11.145209
2019-11-22,PYG,UYU,buy,0.005847
2019-11-22,PYG,UYU,sell,0.005847
2019-11-22,RUB,UYU,buy,0.59134
2019-11-22,RUB,UYU,sell,0.59134
2019-11-22,SEK,UYU,buy,3.923728
2019-11-22,SEK,UYU,sell,3.923728
2019-11-22,TRY,UYU,buy,6.613727
2019-11-22,TRY,UYU,sell,6.613727
2019-11-22,USD,UYU,buy,37.77
2019-11-22,USD,UYU,sell,37.77
2019-11-22,VES,UYU,buy,0.001175
2019-11-22,VES,UYU,sell,0.001175
2019-11-22,XDR,UYU,buy,51.942059
2019-11-22,XDR,UYU,sell,51.942059
2019-11-22,ZAR,UYU,buy,2.566411
2019-11-22,ZAR,UYU,sell,2.566411
2019-11-25,ARS,UYU,buy,0.633111
2019-11-25,ARS,UYU,sell,0.633111
2019-11-25,AUD,UYU,buy,25.61032
2019-11-25,AUD,UYU,sell,25.61032
2019-11-25,BRL,UYU,buy,8.978399
2019-11-25,BRL,UYU,sell,8.978399
2019-11-25,CAD,UYU,buy,28.401638
2019-11-25,CAD,UYU,sell,28.401638
2019-11-25,CHF,UYU,buy,37.927264
2019-11-25,CHF,UYU,sell,37.927264
2019-11-25,CLP,UYU,buy,0.047517
2019-11-25,CLP,UYU,sell,0.047517
2019-11-25,CNY,UYU,buy,5.37271
2019-11-25,CNY,UYU,sell,5.37271
2019-11-25,COP,UYU,buy,0.011004
2019-11-25,COP,UYU,sell,0.011004
2019-11-25,DKK,UYU,buy,5.569199
2019-11-25,DKK,UYU,sell,5.569199
2019-11-25,EUR,UYU,buy,41.614643
2019-11-25,EUR,UYU,sell,41.614643
2019-11-25,GBP,UYU,buy,48.761489
2019-11-25,GBP,UYU,sell,48.761489
2019-11-25,HKD,UYU,buy,4.830441
2019-11-25,HKD,UYU,sell,4.830441
2019-11-25,HUF,UYU,buy,0.123921
2019-11-25,HUF,UYU,sell,0.123921
2019-11-25,INR,UYU,buy,0.527014
2019-11-25,INR,UYU,sell,0.527014
2019-11-25,ISK,UYU,buy,0.30735
2019-11-25,ISK,UYU,sell,0.30735
2019-11-25,JPY,UYU,buy,0.346969
2019-11-25,JPY,UYU,sell,0.346969
2019-11-25,KRW,UYU,buy,0.032146
2019-11-25,KRW,UYU,sell,0.032146
2019-11-25,MXN,UYU,buy,1.94442
2019-11-25,MXN,UYU,sell,1.94442
2019-11-25,MYR,UYU,buy,9.046724
2019-11-25,MYR,UYU,sell,9.046724
2019-11-25,NOK,UYU,buy,4.112774
2019-11-25,NOK,UYU,sell,4.112774
2019-11-25,NZD,UYU,buy,24.204011
2019-11-25,NZD,UYU,sell,24.204011
2019-11-25,PEN,UYU,buy,11.162983
2019-11-25,PEN,UYU,sell,11.162983
2019-11-25,PYG,UYU,buy,0.005862
2019-11-25,PYG,UYU,sell,0.005862
2019-11-25,RUB,UYU,buy,0.590821
2019-11-25,RUB,UYU,sell,0.590821
2019-11-25,SEK,UYU,buy,3.918569
2019-11-25,SEK,UYU,sell,3.918569
2019-11-25,TRY,UYU,buy,6.585891
2019-11-25,TRY,UYU,sell,6.585891
2019-11-25,USD,UYU,buy,37.804
2019-11-25,USD,UYU,sell,37.804
2019-11-25,VES,UYU,buy,0.001176
2019-11-25,VES,UYU,sell,0.001176
2019-11-25,XDR,UYU,buy,51.90905
2019-11-25,XDR,UYU,sell,51.90905
2019-11-25,ZAR,UYU,buy,2.562097
2019-11-25,ZAR,UYU,sell,2.562097
2019-11-26,ARS,UYU,buy,0.632586
2019-11-26,ARS,UYU,sell,0.632586
2019-11-26,AUD,UYU,buy,25.728556
2019-11-26,AUD,UYU,sell,25.728556
2019-11-26,BRL,UYU,buy,8.915521
2019-11-26,BRL,UYU,sell,8.915521
2019-11-26,CAD,UYU,buy,28.545715
2019-11-26,CAD,UYU,sell,28.545715
2019-11-26,CHF,UYU,buy,37.99609
2019-11-26,CHF,UYU,sell,37.99609
2019-11-26,CLP,UYU,buy,0.047423
2019-11-26,CLP,UYU,sell,0.047423
2019-11-26,CNY,UYU,buy,5.388848
2019-11-26,CNY,UYU,sell,5.388848
2019-11-26,COP,UYU,buy,0.010902
2019-11-26,COP,UYU,sell,0.010902
2019-11-26,DKK,UYU,buy,5.590743
2019-11-26,DKK,UYU,sell,5.590743
2019-11-26,EUR,UYU,buy,41.772896
2019-11-26,EUR,UYU,sell,41.772896
2019-11-26,GBP,UYU,buy,48.750839
2019-11-26,GBP,UYU,sell,48.750839
2019-11-26,HKD,UYU,buy,4.84173
2019-11-26,HKD,UYU,sell,4.84173
2019-11-26,HUF,UYU,buy,0.124303
2019-11-26,HUF,UYU,sell,0.124303
2019-11-26,INR,UYU,buy,0.530149
2019-11-26,INR,UYU,sell,0.530149
2019-11-26,ISK,UYU,buy,0.308531
2019-11-26,ISK,UYU,sell,0.308531
2019-11-26,JPY,UYU,buy,0.347543
2019-11-26,JPY,UYU,sell,0.347543
2019-11-26,KRW,UYU,buy,0.032229
2019-11-26,KRW,UYU,sell,0.032229
2019-11-26,MXN,UYU,buy,1.93848
2019-11-26,MXN,UYU,sell,1.93848
2019-11-26,MYR,UYU,buy,9.060659
2019-11-26,MYR,UYU,sell,9.060659
2019-11-26,NOK,UYU,buy,4.135264
2019-11-26,NOK,UYU,sell,4.135264
2019-11-26,NZD,UYU,buy,24.358363
2019-11-26,NZD,UYU,sell,24.358363
2019-11-26,PEN,UYU,buy,11.198168
2019-11-26,PEN,UYU,sell,11.198168
2019-11-26,PYG,UYU,buy,0.005863
2019-11-26,PYG,UYU,sell,0.005863
2019-11-26,RUB,UYU,buy,0.592247
2019-11-26,RUB,UYU,sell,0.592247
2019-11-26,SEK,UYU,buy,3.95348
2019-11-26,SEK,UYU,sell,3.95348
2019-11-26,TRY,UYU,buy,6.577527
2019-11-26,TRY,UYU,sell,6.577527
2019-11-26,USD,UYU,buy,37.903
2019-11-26,USD,UYU,sell,37.903
2019-11-26,VES,UYU,buy,0.001163
2019-11-26,VES,UYU,sell,0.001163
2019-11-26,XDR,UYU,buy,52.040061
2019-11-26,XDR,UYU,sell,52.040061
2019-11-26,ZAR,UYU,buy,2.558326
2019-11-26,ZAR,UYU,sell,2.558326
2019-11-27,ARS,UYU,buy,0.635475
2019-11-27,ARS,UYU,sell,0.635475
2019-11-27,AUD,UYU,buy,25.759388
2019-11-27,AUD,UYU,sell,25.759388
2019-11-27,BRL,UYU,buy,8.930254
2019-11-27,BRL,UYU,sell,8.930254
2019-11-27,CAD,UYU,buy,28.599601
2019-11-27,CAD,UYU,sell,28.599601
2019-11-27,CHF,UYU,buy,38.016909
2019-11-27,CHF,UYU,sell,38.016909
2019-11-27,CLP,UYU,buy,0.046405
2019-11-27,CLP,UYU,sell,0.046405
2019-11-27,CNY,UYU,buy,5.405605
2019-11-27,CNY,UYU,sell,5.405605
2019-11-27,COP,UYU,buy,0.010828
2019-11-27,COP,UYU,sell,0.010828
2019-11-27,DKK,UYU,buy,5.594393
2019-11-27,DKK,UYU,sell,5.594393
2019-11-27,EUR,UYU,buy,41.7994
2019-11-27,EUR,UYU,sell,41.7994
2019-11-27,GBP,UYU,buy,49.028139
2019-11-27,GBP,UYU,sell,49.028139
2019-11-27,HKD,UYU,buy,4.853703
2019-11-27,HKD,UYU,sell,4.853703
2019-11-27,HUF,UYU,buy,0.124178
2019-11-27,HUF,UYU,sell,0.124178
2019-11-27,INR,UYU,buy,0.532464
2019-11-27,INR,UYU,sell,0.532464
2019-11-27,ISK,UYU,buy,0.309628
2019-11-27,ISK,UYU,sell,0.309628
2019-11-27,JPY,UYU,buy,0.347043
2019-11-27,JPY,UYU,sell,0.347043
2019-11-27,KRW,UYU,buy,0.032277
2019-11-27,KRW,UYU,sell,0.032277
2019-11-27,MXN,UYU,buy,1.943609
2019-11-27,MXN,UYU,sell,1.943609
2019-11-27,MYR,UYU,buy,9.10902
2019-11-27,MYR,UYU,sell,9.10902
2019-11-27,NOK,UYU,buy,4.147265
2019-11-27,NOK,UYU,sell,4.147265
2019-11-27,NZD,UYU,buy,24.406731
2019-11-27,NZD,UYU,sell,24.406731
2019-11-27,PEN,UYU,buy,11.225479
2019-11-27,PEN,UYU,sell,11.225479
2019-11-27,PYG,UYU,buy,0.005869
2019-11-27,PYG,UYU,sell,0.005869
2019-11-27,RUB,UYU,buy,0.59398
2019-11-27,RUB,UYU,sell,0.59398
2019-11-27,SEK,UYU,buy,3.968313
2019-11-27,SEK,UYU,sell,3.968313
2019-11-27,TRY,UYU,buy,6.572395
2019-11-27,TRY,UYU,sell,6.572395
2019-11-27,USD,UYU,buy,37.996
2019-11-27,USD,UYU,sell,37.996
2019-11-27,VES,UYU,buy,0.001073
2019-11-27,VES,UYU,sell,0.001073
2019-11-27,XDR,UYU,buy,52.164708
2019-11-27,XDR,UYU,sell,52.164708
2019-11-27,ZAR,UYU,buy,2.574787
2019-11-27,ZAR,UYU,sell,2.574787
2019-11-28,ARS,UYU,buy,0.636277
2019-11-28,ARS,UYU,sell,0.636277
2019-11-28,AUD,UYU,buy,25.72082
2019-11-28,AUD,UYU,sell,25.72082
2019-11-28,BRL,UYU,buy,9.009931
2019-11-28,BRL,UYU,sell,9.009931
2019-11-28,CAD,UYU,buy,28.620261
2019-11-28,CAD,UYU,sell,28.620261
2019-11-28,CHF,UYU,buy,38.048146
2019-11-28,CHF,UYU,sell,38.048146
2019-11-28,CLP,UYU,buy,0.045888
2019-11-28,CLP,UYU,sell,0.045888
2019-11-28,CNY,UYU,buy,5.403039
2019-11-28,CNY,UYU,sell,5.403039
2019-11-28,COP,UYU,buy,0.01082
2019-11-28,COP,UYU,sell,0.01082
2019-11-28,DKK,UYU,buy,5.600955
2019-11-28,DKK,UYU,sell,5.600955
2019-11-28,EUR,UYU,buy,41.84551
2019-11-28,EUR,UYU,sell,41.84551
2019-11-28,GBP,UYU,buy,49.073492
2019-11-28,GBP,UYU,sell,49.073492
2019-11-28,HKD,UYU,buy,4.856398
2019-11-28,HKD,UYU,sell,4.856398
2019-11-28,HUF,UYU,buy,0.124556
2019-11-28,HUF,UYU,sell,0.124556
2019-11-28,INR,UYU,buy,0.530894
2019-11-28,INR,UYU,sell,0.530894
2019-11-28,ISK,UYU,buy,0.309973
2019-11-28,ISK,UYU,sell,0.309973
2019-11-28,JPY,UYU,buy,0.347126
2019-11-28,JPY,UYU,sell,0.347126
2019-11-28,KRW,UYU,buy,0.032241
2019-11-28,KRW,UYU,sell,0.032241
2019-11-28,MXN,UYU,buy,1.942534
2019-11-28,MXN,UYU,sell,1.942534
2019-11-28,MYR,UYU,buy,9.108489
2019-11-28,MYR,UYU,sell,9.108489
2019-11-28,NOK,UYU,buy,4.145641
2019-11-28,NOK,UYU,sell,4.145641
2019-11-28,NZD,UYU,buy,24.388499
2019-11-28,NZD,UYU,sell,24.388499
2019-11-28,PEN,UYU,buy,11.19729
2019-11-28,PEN,UYU,sell,11.19729
2019-11-28,PYG,UYU,buy,0.005888
2019-11-28,PYG,UYU,sell,0.005888
2019-11-28,RUB,UYU,buy,0.592942
2019-11-28,RUB,UYU,sell,0.592942
2019-11-28,SEK,UYU,buy,3.978086
2019-11-28,SEK,UYU,sell,3.978086
2019-11-28,TRY,UYU,buy,6.598962
2019-11-28,TRY,UYU,sell,6.598962
2019-11-28,USD,UYU,buy,38.012
2019-11-28,USD,UYU,sell,38.012
2019-11-28,VES,UYU,buy,0.001073
2019-11-28,VES,UYU,sell,0.001073
2019-11-28,XDR,UYU,buy,52.187055
2019-11-28,XDR,UYU,sell,52.187055
2019-11-28,ZAR,UYU,buy,2.581504
2019-11-28,ZAR,UYU,sell,2.581504
2019-11-29,ARS,UYU,buy,0.631667
2019-11-29,ARS,UYU,sell,0.631667
2019-11-29,AUD,UYU,buy,25.591192
2019-11-29,AUD,UYU,sell,25.591192
2019-11-29,BRL,UYU,buy,8.946684
2019-11-29,BRL,UYU,sell,8.946684
2019-11-29,CAD,UYU,buy,28.490758
2019-11-29,CAD,UYU,sell,28.490758
2019-11-29,CHF,UYU,buy,37.836216
2019-11-29,CHF,UYU,sell,37.836216
2019-11-29,CLP,UYU,buy,0.046747
2019-11-29,CLP,UYU,sell,0.046747
2019-11-29,CNY,UYU,buy,5.380732
2019-11-29,CNY,UYU,sell,5.380732
2019-11-29,COP,UYU,buy,0.010759
2019-11-29,COP,UYU,sell,0.010759
2019-11-29,DKK,UYU,buy,5.579557
2019-11-29,DKK,UYU,sell,5.579557
2019-11-29,EUR,UYU,buy,41.69022
2019-11-29,EUR,UYU,sell,41.69022
2019-11-29,GBP,UYU,buy,48.942256
2019-11-29,GBP,UYU,sell,48.942256
2019-11-29,HKD,UYU,buy,4.833929
2019-11-29,HKD,UYU,sell,4.833929
2019-11-29,HUF,UYU,buy,0.124683
2019-11-29,HUF,UYU,sell,0.124683
2019-11-29,INR,UYU,buy,0.527469
2019-11-29,INR,UYU,sell,0.527469
2019-11-29,ISK,UYU,buy,0.3118
2019-11-29,ISK,UYU,sell,0.3118
2019-11-29,JPY,UYU,buy,0.345681
2019-11-29,JPY,UYU,sell,0.345681
2019-11-29,KRW,UYU,buy,0.032028
2019-11-29,KRW,UYU,sell,0.032028
2019-11-29,MXN,UYU,buy,1.935085
2019-11-29,MXN,UYU,sell,1.935085
2019-11-29,MYR,UYU,buy,9.057507
2019-11-29,MYR,UYU,sell,9.057507
2019-11-29,NOK,UYU,buy,4.103721
2019-11-29,NOK,UYU,sell,4.103721
2019-11-29,NZD,UYU,buy,24.287604
2019-11-29,NZD,UYU,sell,24.287604
2019-11-29,PEN,UYU,buy,11.114048
2019-11-29,PEN,UYU,sell,11.114048
2019-11-29,PYG,UYU,buy,0.005853
2019-11-29,PYG,UYU,sell,0.005853
2019-11-29,RUB,UYU,buy,0.588394
2019-11-29,RUB,UYU,sell,0.588394
2019-11-29,SEK,UYU,buy,3.953094
2019-11-29,SEK,UYU,sell,3.953094
2019-11-29,TRY,UYU,buy,6.581385
2019-11-29,TRY,UYU,sell,6.581385
2019-11-29,USD,UYU,buy,37.84
2019-11-29,USD,UYU,sell,37.84
2019-11-29,VES,UYU,buy,0.000992
2019-11-29,VES,UYU,sell,0.000992
2019-11-29,XDR,UYU,buy,51.934643
2019-11-29,XDR,UYU,sell,51.934643
2019-11-29,ZAR,UYU,buy,2.582177
2019-11-29,ZAR,UYU,sell,2.582177
2019-12-02,ARS,UYU,buy,0.628533
2019-12-02,ARS,UYU,sell,0.628533
2019-12-02,AUD,UYU,buy,25.700811
2019-12-02,AUD,UYU,sell,25.700811
2019-12-02,BRL,UYU,buy,8.940071
2019-12-02,BRL,UYU,sell,8.940071
2019-12-02,CAD,UYU,buy,28.347937
2019-12-02,CAD,UYU,sell,28.347937
2019-12-02,CHF,UYU,buy,38.007361
2019-12-02,CHF,UYU,sell,38.007361
2019-12-02,CLP,UYU,buy,0.046915
2019-12-02,CLP,UYU,sell,0.046915
2019-12-02,CNY,UYU,buy,5.354226
2019-12-02,CNY,UYU,sell,5.354226
2019-12-02,COP,UYU,buy,0.010742
2019-12-02,COP,UYU,sell,0.010742
2019-12-02,DKK,UYU,buy,5.588796
2019-12-02,DKK,UYU,sell,5.588796
2019-12-02,EUR,UYU,buy,41.756751
2019-12-02,EUR,UYU,sell,41.756751
2019-12-02,GBP,UYU,buy,48.761438
2019-12-02,GBP,UYU,sell,48.761438
2019-12-02,HKD,UYU,buy,4.814275
2019-12-02,HKD,UYU,sell,4.814275
2019-12-02,HUF,UYU,buy,0.125761
2019-12-02,HUF,UYU,sell,0.125761
2019-12-02,INR,UYU,buy,0.525928
2019-12-02,INR,UYU,sell,0.525928
2019-12-02,ISK,UYU,buy,0.310231
2019-12-02,ISK,UYU,sell,0.310231
2019-12-02,JPY,UYU,buy,0.345859
2019-12-02,JPY,UYU,sell,0.345859
2019-12-02,KRW,UYU,buy,0.031856
2019-12-02,KRW,UYU,sell,0.031856
2019-12-02,MXN,UYU,buy,1.927069
2019-12-02,MXN,UYU,sell,1.927069
2019-12-02,MYR,UYU,buy,9.018365
2019-12-02,MYR,UYU,sell,9.018365
2019-12-02,NOK,UYU,buy,4.1129
2019-12-02,NOK,UYU,sell,4.1129
2019-12-02,NZD,UYU,buy,24.511692
2019-12-02,NZD,UYU,sell,24.511692
2019-12-02,PEN,UYU,buy,11.113077
2019-12-02,PEN,UYU,sell,11.113077
2019-12-02,PYG,UYU,buy,0.005831
2019-12-02,PYG,UYU,sell,0.005831
2019-12-02,RUB,UYU,buy,0.587072
2019-12-02,RUB,UYU,sell,0.587072
2019-12-02,SEK,UYU,buy,3.950113
2019-12-02,SEK,UYU,sell,3.950113
2019-12-02,TRY,UYU,buy,6.556949
2019-12-02,TRY,UYU,sell,6.556949
2019-12-02,USD,UYU,buy,37.69
2019-12-02,USD,UYU,sell,37.69
2019-12-02,VES,UYU,buy,0.000988
2019-12-02,VES,UYU,sell,0.000988
2019-12-02,XDR,UYU,buy,51.722364
2019-12-02,XDR,UYU,sell,51.722364
2019-12-02,ZAR,UYU,buy,2.585057
2019-12-02,ZAR,UYU,sell,2.585057
2019-12-03,ARS,UYU,buy,0.627858
2019-12-03,ARS,UYU,sell,0.627858
2019-12-03,AUD,UYU,buy,25.732593
2019-12-03,AUD,UYU,sell,25.732593
2019-12-03,BRL,UYU,buy,8.942614
2019-12-03,BRL,UYU,sell,8.942614
2019-12-03,CAD,UYU,buy,28.287401
2019-12-03,CAD,UYU,sell,28.287401
2019-12-03,CHF,UYU,buy,38.123131
2019-12-03,CHF,UYU,sell,38.123131
2019-12-03,CLP,UYU,buy,0.046851
2019-12-03,CLP,UYU,sell,0.046851
2019-12-03,CNY,UYU,buy,5.327348
2019-12-03,CNY,UYU,sell,5.327348
2019-12-03,COP,UYU,buy,0.010735
2019-12-03,COP,UYU,sell,0.010735
2019-12-03,DKK,UYU,buy,5.579236
2019-12-03,DKK,UYU,sell,5.579236
2019-12-03,EUR,UYU,buy,41.688268
2019-12-03,EUR,UYU,sell,41.688268
2019-12-03,GBP,UYU,buy,48.910924
2019-12-03,GBP,UYU,sell,48.910924
2019-12-03,HKD,UYU,buy,4.804618
2019-12-03,HKD,UYU,sell,4.804618
2019-12-03,HUF,UYU,buy,0.12567
2019-12-03,HUF,UYU,sell,0.12567
2019-12-03,INR,UYU,buy,0.52475
2019-12-03,INR,UYU,sell,0.52475
2019-12-03,ISK,UYU,buy,0.309728
2019-12-03,ISK,UYU,sell,0.309728
2019-12-03,JPY,UYU,buy,0.34647
2019-12-03,JPY,UYU,sell,0.34647
2019-12-03,KRW,UYU,buy,0.03169
2019-12-03,KRW,UYU,sell,0.03169
2019-12-03,MXN,UYU,buy,1.922105
2019-12-03,MXN,UYU,sell,1.922105
2019-12-03,MYR,UYU,buy,9.010299
2019-12-03,MYR,UYU,sell,9.010299
2019-12-03,NOK,UYU,buy,4.09461
2019-12-03,NOK,UYU,sell,4.09461
2019-12-03,NZD,UYU,buy,24.508127
2019-12-03,NZD,UYU,sell,24.508127
2019-12-03,PEN,UYU,buy,11.098556
2019-12-03,PEN,UYU,sell,11.098556
2019-12-03,PYG,UYU,buy,0.005848
2019-12-03,PYG,UYU,sell,0.005848
2019-12-03,RUB,UYU,buy,0.586447
2019-12-03,RUB,UYU,sell,0.586447
2019-12-03,SEK,UYU,buy,3.947096
2019-12-03,SEK,UYU,sell,3.947096
2019-12-03,TRY,UYU,buy,6.54448
2019-12-03,TRY,UYU,sell,6.54448
2019-12-03,USD,UYU,buy,37.618
2019-12-03,USD,UYU,sell,37.618
2019-12-03,VES,UYU,buy,0.001002
2019-12-03,VES,UYU,sell,0.001002
2019-12-03,XDR,UYU,buy,51.756349
2019-12-03,XDR,UYU,sell,51.756349
2019-12-03,ZAR,UYU,buy,2.569202
2019-12-03,ZAR,UYU,sell,2.569202
2019-12-04,ARS,UYU,buy,0.631417
2019-12-04,ARS,UYU,sell,0.631417
2019-12-04,AUD,UYU,buy,25.900535
2019-12-04,AUD,UYU,sell,25.900535
2019-12-04,BRL,UYU,buy,9.011523
2019-12-04,BRL,UYU,sell,9.011523
2019-12-04,CAD,UYU,buy,28.645782
2019-12-04,CAD,UYU,sell,28.645782
2019-12-04,CHF,UYU,buy,38.206437
2019-12-04,CHF,UYU,sell,38.206437
2019-12-04,CLP,UYU,buy,0.047793
2019-12-04,CLP,UYU,sell,0.047793
2019-12-04,CNY,UYU,buy,5.363338
2019-12-04,CNY,UYU,sell,5.363338
2019-12-04,COP,UYU,buy,0.010893
2019-12-04,COP,UYU,sell,0.010893
2019-12-04,DKK,UYU,buy,5.603788
2019-12-04,DKK,UYU,sell,5.603788
2019-12-04,EUR,UYU,buy,41.86812
2019-12-04,EUR,UYU,sell,41.86812
2019-12-04,GBP,UYU,buy,49.492708
2019-12-04,GBP,UYU,sell,49.492708
2019-12-04,HKD,UYU,buy,4.829577
2019-12-04,HKD,UYU,sell,4.829577
2019-12-04,HUF,UYU,buy,0.126374
2019-12-04,HUF,UYU,sell,0.126374
2019-12-04,INR,UYU,buy,0.528594
2019-12-04,INR,UYU,sell,0.528594
2019-12-04,ISK,UYU,buy,0.311061
2019-12-04,ISK,UYU,sell,0.311061
2019-12-04,JPY,UYU,buy,0.347145
2019-12-04,JPY,UYU,sell,0.347145
2019-12-04,KRW,UYU,buy,0.031652
2019-12-04,KRW,UYU,sell,0.031652
2019-12-04,MXN,UYU,buy,1.943486
2019-12-04,MXN,UYU,sell,1.943486
2019-12-04,MYR,UYU,buy,9.055442
2019-12-04,MYR,UYU,sell,9.055442
2019-12-04,NOK,UYU,buy,4.121966
2019-12-04,NOK,UYU,sell,4.121966
2019-12-04,NZD,UYU,buy,24.677349
2019-12-04,NZD,UYU,sell,24.677349
2019-12-04,PEN,UYU,buy,11.186355
2019-12-04,PEN,UYU,sell,11.186355
2019-12-04,PYG,UYU,buy,0.005876
2019-12-04,PYG,UYU,sell,0.005876
2019-12-04,RUB,UYU,buy,0.591751
2019-12-04,RUB,UYU,sell,0.591751
2019-12-04,SEK,UYU,buy,3.97237
2019-12-04,SEK,UYU,sell,3.97237
2019-12-04,TRY,UYU,buy,6.576512
2019-12-04,TRY,UYU,sell,6.576512
2019-12-04,USD,UYU,buy,37.811
2019-12-04,USD,UYU,sell,37.811
2019-12-04,VES,UYU,buy,0.000984
2019-12-04,VES,UYU,sell,0.000984
2019-12-04,XDR,UYU,buy,52.051379
2019-12-04,XDR,UYU,sell,52.051379
2019-12-04,ZAR,UYU,buy,2.586163
2019-12-04,ZAR,UYU,sell,2.586163
2019-12-05,ARS,UYU,buy,0.630393
2019-12-05,ARS,UYU,sell,0.630393
2019-12-05,AUD,UYU,buy,25.843819
2019-12-05,AUD,UYU,sell,25.843819
2019-12-05,BRL,UYU,buy,9.034239
2019-12-05,BRL,UYU,sell,9.034239
2019-12-05,CAD,UYU,buy,28.70014
2019-12-05,CAD,UYU,sell,28.70014
2019-12-05,CHF,UYU,buy,38.299316
2019-12-05,CHF,UYU,sell,38.299316
2019-12-05,CLP,UYU,buy,0.048261
2019-12-05,CLP,UYU,sell,0.048261
2019-12-05,CNY,UYU,buy,5.367221
2019-12-05,CNY,UYU,sell,5.367221
2019-12-05,COP,UYU,buy,0.010934
2019-12-05,COP,UYU,sell,0.010934
2019-12-05,DKK,UYU,buy,5.618068
2019-12-05,DKK,UYU,sell,5.618068
2019-12-05,EUR,UYU,buy,41.973991
2019-12-05,EUR,UYU,sell,41.973991
2019-12-05,GBP,UYU,buy,49.757385
2019-12-05,GBP,UYU,sell,49.757385
2019-12-05,HKD,UYU,buy,4.829824
2019-12-05,HKD,UYU,sell,4.829824
2019-12-05,HUF,UYU,buy,0.126972
2019-12-05,HUF,UYU,sell,0.126972
2019-12-05,INR,UYU,buy,0.530383
2019-12-05,INR,UYU,sell,0.530383
2019-12-05,ISK,UYU,buy,0.312281
2019-12-05,ISK,UYU,sell,0.312281
2019-12-05,JPY,UYU,buy,0.347735
2019-12-05,JPY,UYU,sell,0.347735
2019-12-05,KRW,UYU,buy,0.031766
2019-12-05,KRW,UYU,sell,0.031766
2019-12-05,MXN,UYU,buy,1.954128
2019-12-05,MXN,UYU,sell,1.954128
2019-12-05,MYR,UYU,buy,9.070649
2019-12-05,MYR,UYU,sell,9.070649
2019-12-05,NOK,UYU,buy,4.140132
2019-12-05,NOK,UYU,sell,4.140132
2019-12-05,NZD,UYU,buy,24.760533
2019-12-05,NZD,UYU,sell,24.760533
2019-12-05,PEN,UYU,buy,11.188341
2019-12-05,PEN,UYU,sell,11.188341
2019-12-05,PYG,UYU,buy,0.00587
2019-12-05,PYG,UYU,sell,0.00587
2019-12-05,RUB,UYU,buy,0.593219
2019-12-05,RUB,UYU,sell,0.593219
2019-12-05,SEK,UYU,buy,3.984509
2019-12-05,SEK,UYU,sell,3.984509
2019-12-05,TRY,UYU,buy,6.576169
2019-12-05,TRY,UYU,sell,6.576169
2019-12-05,USD,UYU,buy,37.811
2019-12-05,USD,UYU,sell,37.811
2019-12-05,VES,UYU,buy,0.000948
2019-12-05,VES,UYU,sell,0.000948
2019-12-05,XDR,UYU,buy,52.107717
2019-12-05,XDR,UYU,sell,52.107717
2019-12-05,ZAR,UYU,buy,2.580427
2019-12-05,ZAR,UYU,sell,2.580427
2019-12-06,ARS,UYU,buy,0.629075
2019-12-06,ARS,UYU,sell,0.629075
2019-12-06,AUD,UYU,buy,25.782492
2019-12-06,AUD,UYU,sell,25.782492
2019-12-06,BRL,UYU,buy,9.092838
2019-12-06,BRL,UYU,sell,9.092838
2019-12-06,CAD,UYU,buy,28.448686
2019-12-06,CAD,UYU,sell,28.448686
2019-12-06,CHF,UYU,buy,38.088168
2019-12-06,CHF,UYU,sell,38.088168
2019-12-06,CLP,UYU,buy,0.048458
2019-12-06,CLP,UYU,sell,0.048458
2019-12-06,CNY,UYU,buy,5.360844
2019-12-06,CNY,UYU,sell,5.360844
2019-12-06,COP,UYU,buy,0.011017
2019-12-06,COP,UYU,sell,0.011017
2019-12-06,DKK,UYU,buy,5.578062
2019-12-06,DKK,UYU,sell,5.578062
2019-12-06,EUR,UYU,buy,41.680408
2019-12-06,EUR,UYU,sell,41.680408
2019-12-06,GBP,UYU,buy,49.545454
2019-12-06,GBP,UYU,sell,49.545454
2019-12-06,HKD,UYU,buy,4.817275
2019-12-06,HKD,UYU,sell,4.817275
2019-12-06,HUF,UYU,buy,0.125958
2019-12-06,HUF,UYU,sell,0.125958
2019-12-06,INR,UYU,buy,0.52964
2019-12-06,INR,UYU,sell,0.52964
2019-12-06,ISK,UYU,buy,0.310038
2019-12-06,ISK,UYU,sell,0.310038
2019-12-06,JPY,UYU,buy,0.347217
2019-12-06,JPY,UYU,sell,0.347217
2019-12-06,KRW,UYU,buy,0.031697
2019-12-06,KRW,UYU,sell,0.031697
2019-12-06,MXN,UYU,buy,1.954999
2019-12-06,MXN,UYU,sell,1.954999
2019-12-06,MYR,UYU,buy,9.067805
2019-12-06,MYR,UYU,sell,9.067805
2019-12-06,NOK,UYU,buy,4.129492
2019-12-06,NOK,UYU,sell,4.129492
2019-12-06,NZD,UYU,buy,24.768013
2019-12-06,NZD,UYU,sell,24.768013
2019-12-06,PEN,UYU,buy,11.166116
2019-12-06,PEN,UYU,sell,11.166116
2019-12-06,PYG,UYU,buy,0.005858
2019-12-06,PYG,UYU,sell,0.005858
2019-12-06,RUB,UYU,buy,0.592552
2019-12-06,RUB,UYU,sell,0.592552
2019-12-06,SEK,UYU,buy,3.972215
2019-12-06,SEK,UYU,sell,3.972215
2019-12-06,TRY,UYU,buy,6.519608
2019-12-06,TRY,UYU,sell,6.519608
2019-12-06,USD,UYU,buy,37.713
2019-12-06,USD,UYU,sell,37.713
2019-12-06,VES,UYU,buy,0.000906
2019-12-06,VES,UYU,sell,0.000906
2019-12-06,XDR,UYU,buy,51.994159
2019-12-06,XDR,UYU,sell,51.994159
2019-12-06,ZAR,UYU,buy,2.576605
2019-12-06,ZAR,UYU,sell,2.576605
2019-12-09,ARS,UYU,buy,0.630559
2019-12-09,ARS,UYU,sell,0.630559
2019-12-09,AUD,UYU,buy,25.822546
2019-12-09,AUD,UYU,sell,25.822546
2019-12-09,BRL,UYU,buy,9.141738
2019-12-09,BRL,UYU,sell,9.141738
2019-12-09,CAD,UYU,buy,28.563225
2019-12-09,CAD,UYU,sell,28.563225
2019-12-09,CHF,UYU,buy,38.247584
2019-12-09,CHF,UYU,sell,38.247584
2019-12-09,CLP,UYU,buy,0.048739
2019-12-09,CLP,UYU,sell,0.048739
2019-12-09,CNY,UYU,buy,5.370213
2019-12-09,CNY,UYU,sell,5.370213
2019-12-09,COP,UYU,buy,0.011057
2019-12-09,COP,UYU,sell,0.011057
2019-12-09,DKK,UYU,buy,5.595571
2019-12-09,DKK,UYU,sell,5.595571
2019-12-09,EUR,UYU,buy,41.812792
2019-12-09,EUR,UYU,sell,41.812792
2019-12-09,GBP,UYU,buy,49.726641
2019-12-09,GBP,UYU,sell,49.726641
2019-12-09,HKD,UYU,buy,4.828859
2019-12-09,HKD,UYU,sell,4.828859
2019-12-09,HUF,UYU,buy,0.126053
2019-12-09,HUF,UYU,sell,0.126053
2019-12-09,INR,UYU,buy,0.532048
2019-12-09,INR,UYU,sell,0.532048
2019-12-09,ISK,UYU,buy,0.310399
2019-12-09,ISK,UYU,sell,0.310399
2019-12-09,JPY,UYU,buy,0.348037
2019-12-09,JPY,UYU,sell,0.348037
2019-12-09,KRW,UYU,buy,0.031768
2019-12-09,KRW,UYU,sell,0.031768
2019-12-09,MXN,UYU,buy,1.964654
2019-12-09,MXN,UYU,sell,1.964654
2019-12-09,MYR,UYU,buy,9.087019
2019-12-09,MYR,UYU,sell,9.087019
2019-12-09,NOK,UYU,buy,4.132586
2019-12-09,NOK,UYU,sell,4.132586
2019-12-09,NZD,UYU,buy,24.769761
2019-12-09,NZD,UYU,sell,24.769761
2019-12-09,PEN,UYU,buy,11.200427
2019-12-09,PEN,UYU,sell,11.200427
2019-12-09,PYG,UYU,buy,0.005879
2019-12-09,PYG,UYU,sell,0.005879
2019-12-09,RUB,UYU,buy,0.594196
2019-12-09,RUB,UYU,sell,0.594196
2019-12-09,SEK,UYU,buy,3.965113
2019-12-09,SEK,UYU,sell,3.965113
2019-12-09,TRY,UYU,buy,6.507152
2019-12-09,TRY,UYU,sell,6.507152
2019-12-09,USD,UYU,buy,37.802
2019-12-09,USD,UYU,sell,37.802
2019-12-09,VES,UYU,buy,0.000908
2019-12-09,VES,UYU,sell,0.000908
2019-12-09,XDR,UYU,buy,52.100228
2019-12-09,XDR,UYU,sell,52.100228
2019-12-09,ZAR,UYU,buy,2.574463
2019-12-09,ZAR,UYU,sell,2.574463
2019-12-10,ARS,UYU,buy,0.634814
2019-12-10,ARS,UYU,sell,0.634814
2019-12-10,AUD,UYU,buy,25.868034
2019-12-10,AUD,UYU,sell,25.868034
2019-12-10,BRL,UYU,buy,9.164776
2019-12-10,BRL,UYU,sell,9.164776
2019-12-10,CAD,UYU,buy,28.704131
2019-12-10,CAD,UYU,sell,28.704131
2019-12-10,CHF,UYU,buy,38.569035
2019-12-10,CHF,UYU,sell,38.569035
2019-12-10,CLP,UYU,buy,0.048764
2019-12-10,CLP,UYU,sell,0.048764
2019-12-10,CNY,UYU,buy,5.398908
2019-12-10,CNY,UYU,sell,5.398908
2019-12-10,COP,UYU,buy,0.01115
2019-12-10,COP,UYU,sell,0.01115
2019-12-10,DKK,UYU,buy,5.635615
2019-12-10,DKK,UYU,sell,5.635615
2019-12-10,EUR,UYU,buy,42.116493
2019-12-10,EUR,UYU,sell,42.116493
2019-12-10,GBP,UYU,buy,50.093562
2019-12-10,GBP,UYU,sell,50.093562
2019-12-10,HKD,UYU,buy,4.852082
2019-12-10,HKD,UYU,sell,4.852082
2019-12-10,HUF,UYU,buy,0.127277
2019-12-10,HUF,UYU,sell,0.127277
2019-12-10,INR,UYU,buy,0.535444
2019-12-10,INR,UYU,sell,0.535444
2019-12-10,ISK,UYU,buy,0.312671
2019-12-10,ISK,UYU,sell,0.312671
2019-12-10,JPY,UYU,buy,0.34931
2019-12-10,JPY,UYU,sell,0.34931
2019-12-10,KRW,UYU,buy,0.03188
2019-12-10,KRW,UYU,sell,0.03188
2019-12-10,MXN,UYU,buy,1.974139
2019-12-10,MXN,UYU,sell,1.974139
2019-12-10,MYR,UYU,buy,9.119769
2019-12-10,MYR,UYU,sell,9.119769
2019-12-10,NOK,UYU,buy,4.13783
2019-12-10,NOK,UYU,sell,4.13783
2019-12-10,NZD,UYU,buy,24.835059
2019-12-10,NZD,UYU,sell,24.835059
2019-12-10,PEN,UYU,buy,11.17217
2019-12-10,PEN,UYU,sell,11.17217
2019-12-10,PYG,UYU,buy,0.005899
2019-12-10,PYG,UYU,sell,0.005899
2019-12-10,RUB,UYU,buy,0.597693
2019-12-10,RUB,UYU,sell,0.597693
2019-12-10,SEK,UYU,buy,3.999137
2019-12-10,SEK,UYU,sell,3.999137
2019-12-10,TRY,UYU,buy,6.543246
2019-12-10,TRY,UYU,sell,6.543246
2019-12-10,USD,UYU,buy,37.977
2019-12-10,USD,UYU,sell,37.977
2019-12-10,VES,UYU,buy,0.000871
2019-12-10,VES,UYU,sell,0.000871
2019-12-10,XDR,UYU,buy,52.353573
2019-12-10,XDR,UYU,sell,52.353573
2019-12-10,ZAR,UYU,buy,2.566924
2019-12-10,ZAR,UYU,sell,2.566924
2019-12-11,ARS,UYU,buy,0.634231
2019-12-11,ARS,UYU,sell,0.634231
2019-12-11,AUD,UYU,buy,26.032369
2019-12-11,AUD,UYU,sell,26.032369
2019-12-11,BRL,UYU,buy,9.186938
2019-12-11,BRL,UYU,sell,9.186938
2019-12-11,CAD,UYU,buy,28.75867
2019-12-11,CAD,UYU,sell,28.75867
2019-12-11,CHF,UYU,buy,38.481513
2019-12-11,CHF,UYU,sell,38.481513
2019-12-11,CLP,UYU,buy,0.049283
2019-12-11,CLP,UYU,sell,0.049283
2019-12-11,CNY,UYU,buy,5.389697
2019-12-11,CNY,UYU,sell,5.389697
2019-12-11,COP,UYU,buy,0.011236
2019-12-11,COP,UYU,sell,0.011236
2019-12-11,DKK,UYU,buy,5.630389
2019-12-11,DKK,UYU,sell,5.630389
2019-12-11,EUR,UYU,buy,42.07972
2019-12-11,EUR,UYU,sell,42.07972
2019-12-11,GBP,UYU,buy,49.96872
2019-12-11,GBP,UYU,sell,49.96872
2019-12-11,HKD,UYU,buy,4.857584
2019-12-11,HKD,UYU,sell,4.857584
2019-12-11,HUF,UYU,buy,0.127335
2019-12-11,HUF,UYU,sell,0.127335
2019-12-11,INR,UYU,buy,0.535531
2019-12-11,INR,UYU,sell,0.535531
2019-12-11,ISK,UYU,buy,0.310552
2019-12-11,ISK,UYU,sell,0.310552
2019-12-11,JPY,UYU,buy,0.348926
2019-12-11,JPY,UYU,sell,0.348926
2019-12-11,KRW,UYU,buy,0.031755
2019-12-11,KRW,UYU,sell,0.031755
2019-12-11,MXN,UYU,buy,1.98
2019-12-11,MXN,UYU,sell,1.98
2019-12-11,MYR,UYU,buy,9.109617
2019-12-11,MYR,UYU,sell,9.109617
2019-12-11,NOK,UYU,buy,4.144807
2019-12-11,NOK,UYU,sell,4.144807
2019-12-11,NZD,UYU,buy,24.913228
2019-12-11,NZD,UYU,sell,24.913228
2019-12-11,PEN,UYU,buy,11.182774
2019-12-11,PEN,UYU,sell,11.182774
2019-12-11,PYG,UYU,buy,0.005889
2019-12-11,PYG,UYU,sell,0.005889
2019-12-11,RUB,UYU,buy,0.597079
2019-12-11,RUB,UYU,sell,0.597079
2019-12-11,SEK,UYU,buy,4.020198
2019-12-11,SEK,UYU,sell,4.020198
2019-12-11,TRY,UYU,buy,6.528312
2019-12-11,TRY,UYU,sell,6.528312
2019-12-11,USD,UYU,buy,37.937
2019-12-11,USD,UYU,sell,37.937
2019-12-11,VES,UYU,buy,0.00087
2019-12-11,VES,UYU,sell,0.00087
2019-12-11,XDR,UYU,buy,52.2806
2019-12-11,XDR,UYU,sell,52.2806
2019-12-11,ZAR,UYU,buy,2.575816
2019-12-11,ZAR,UYU,sell,2.575816
2019-12-12,ARS,UYU,buy,0.632372
2019-12-12,ARS,UYU,sell,0.632372
2019-12-12,AUD,UYU,buy,26.062114
2019-12-12,AUD,UYU,sell,26.062114
2019-12-12,BRL,UYU,buy,9.225966
2019-12-12,BRL,UYU,sell,9.225966
2019-12-12,CAD,UYU,buy,28.683223
2019-12-12,CAD,UYU,sell,28.683223
2019-12-12,CHF,UYU,buy,38.361138
2019-12-12,CHF,UYU,sell,38.361138
2019-12-12,CLP,UYU,buy,0.04916
2019-12-12,CLP,UYU,sell,0.04916
2019-12-12,CNY,UYU,buy,5.40032
2019-12-12,CNY,UYU,sell,5.40032
2019-12-12,COP,UYU,buy,0.011214
2019-12-12,COP,UYU,sell,0.011214
2019-12-12,DKK,UYU,buy,5.62343
2019-12-12,DKK,UYU,sell,5.62343
2019-12-12,EUR,UYU,buy,42.022795
2019-12-12,EUR,UYU,sell,42.022795
2019-12-12,GBP,UYU,buy,49.49343
2019-12-12,GBP,UYU,sell,49.49343
2019-12-12,HKD,UYU,buy,4.846349
2019-12-12,HKD,UYU,sell,4.846349
2019-12-12,HUF,UYU,buy,0.127584
2019-12-12,HUF,UYU,sell,0.127584
2019-12-12,INR,UYU,buy,0.534002
2019-12-12,INR,UYU,sell,0.534002
2019-12-12,ISK,UYU,buy,0.307503
2019-12-12,ISK,UYU,sell,0.307503
2019-12-12,JPY,UYU,buy,0.346202
2019-12-12,JPY,UYU,sell,0.346202
2019-12-12,KRW,UYU,buy,0.031873
2019-12-12,KRW,UYU,sell,0.031873
2019-12-12,MXN,UYU,buy,1.978311
2019-12-12,MXN,UYU,sell,1.978311
2019-12-12,MYR,UYU,buy,9.090603
2019-12-12,MYR,UYU,sell,9.090603
2019-12-12,NOK,UYU,buy,4.156224
2019-12-12,NOK,UYU,sell,4.156224
2019-12-12,NZD,UYU,buy,24.898965
2019-12-12,NZD,UYU,sell,24.898965
2019-12-12,PEN,UYU,buy,11.202227
2019-12-12,PEN,UYU,sell,11.202227
2019-12-12,PYG,UYU,buy,0.005878
2019-12-12,PYG,UYU,sell,0.005878
2019-12-12,RUB,UYU,buy,0.601427
2019-12-12,RUB,UYU,sell,0.601427
2019-12-12,SEK,UYU,buy,4.019659
2019-12-12,SEK,UYU,sell,4.019659
2019-12-12,TRY,UYU,buy,6.535923
2019-12-12,TRY,UYU,sell,6.535923
2019-12-12,USD,UYU,buy,37.826
2019-12-12,USD,UYU,sell,37.826
2019-12-12,VES,UYU,buy,0.000821
2019-12-12,VES,UYU,sell,0.000821
2019-12-12,XDR,UYU,buy,52.216902
2019-12-12,XDR,UYU,sell,52.216902
2019-12-12,ZAR,UYU,buy,2.595595
2019-12-12,ZAR,UYU,sell,2.595595
2019-12-13,ARS,UYU,buy,0.631647
2019-12-13,ARS,UYU,sell,0.631647
2019-12-13,AUD,UYU,buy,25.955719
2019-12-13,AUD,UYU,sell,25.955719
2019-12-13,BRL,UYU,buy,9.197775
2019-12-13,BRL,UYU,sell,9.197775
2019-12-13,CAD,UYU,buy,28.65572
2019-12-13,CAD,UYU,sell,28.65572
2019-12-13,CHF,UYU,buy,38.388621
2019-12-13,CHF,UYU,sell,38.388621
2019-12-13,CLP,UYU,buy,0.049479
2019-12-13,CLP,UYU,sell,0.049479
2019-12-13,CNY,UYU,buy,5.409151
2019-12-13,CNY,UYU,sell,5.409151
2019-12-13,COP,UYU,buy,0.011157
2019-12-13,COP,UYU,sell,0.011157
2019-12-13,DKK,UYU,buy,5.621448
2019-12-13,DKK,UYU,sell,5.621448
2019-12-13,EUR,UYU,buy,42.01203
2019-12-13,EUR,UYU,sell,42.01203
2019-12-13,GBP,UYU,buy,50.37174
2019-12-13,GBP,UYU,sell,50.37174
2019-12-13,HKD,UYU,buy,4.845159
2019-12-13,HKD,UYU,sell,4.845159
2019-12-13,HUF,UYU,buy,0.127502
2019-12-13,HUF,UYU,sell,0.127502
2019-12-13,INR,UYU,buy,0.533559
2019-12-13,INR,UYU,sell,0.533559
2019-12-13,ISK,UYU,buy,0.306576
2019-12-13,ISK,UYU,sell,0.306576
2019-12-13,JPY,UYU,buy,0.345643
2019-12-13,JPY,UYU,sell,0.345643
2019-12-13,KRW,UYU,buy,0.032242
2019-12-13,KRW,UYU,sell,0.032242
2019-12-13,MXN,UYU,buy,1.983376
2019-12-13,MXN,UYU,sell,1.983376
2019-12-13,MYR,UYU,buy,9.138711
2019-12-13,MYR,UYU,sell,9.138711
2019-12-13,NOK,UYU,buy,4.18027
2019-12-13,NOK,UYU,sell,4.18027
2019-12-13,NZD,UYU,buy,24.886432
2019-12-13,NZD,UYU,sell,24.886432
2019-12-13,PEN,UYU,buy,11.223693
2019-12-13,PEN,UYU,sell,11.223693
2019-12-13,PYG,UYU,buy,0.005849
2019-12-13,PYG,UYU,sell,0.005849
2019-12-13,RUB,UYU,buy,0.600896
2019-12-13,RUB,UYU,sell,0.600896
2019-12-13,SEK,UYU,buy,4.022484
2019-12-13,SEK,UYU,sell,4.022484
2019-12-13,TRY,UYU,buy,6.502431
2019-12-13,TRY,UYU,sell,6.502431
2019-12-13,USD,UYU,buy,37.784
2019-12-13,USD,UYU,sell,37.784
2019-12-13,VES,UYU,buy,0.00082
2019-12-13,VES,UYU,sell,0.00082
2019-12-13,XDR,UYU,buy,52.296457
2019-12-13,XDR,UYU,sell,52.296457
2019-12-13,ZAR,UYU,buy,2.60069
2019-12-13,ZAR,UYU,sell,2.60069
2019-12-16,ARS,UYU,buy,0.630762
2019-12-16,ARS,UYU,sell,0.630762
2019-12-16,AUD,UYU,buy,26.00094
2019-12-16,AUD,UYU,sell,26.00094
2019-12-16,BRL,UYU,buy,9.299156
2019-12-16,BRL,UYU,sell,9.299156
2019-12-16,CAD,UYU,buy,28.70872
2019-12-16,CAD,UYU,sell,28.70872
2019-12-16,CHF,UYU,buy,38.395156
2019-12-16,CHF,UYU,sell,38.395156
2019-12-16,CLP,UYU,buy,0.049532
2019-12-16,CLP,UYU,sell,0.049532
2019-12-16,CNY,UYU,buy,5.394635
2019-12-16,CNY,UYU,sell,5.394635
2019-12-16,COP,UYU,buy,0.011249
2019-12-16,COP,UYU,sell,0.011249
2019-12-16,DKK,UYU,buy,5.626827
2019-12-16,DKK,UYU,sell,5.626827
2019-12-16,EUR,UYU,buy,42.052743
2019-12-16,EUR,UYU,sell,42.052743
2019-12-16,GBP,UYU,buy,50.347464
2019-12-16,GBP,UYU,sell,50.347464
2019-12-16,HKD,UYU,buy,4.842919
2019-12-16,HKD,UYU,sell,4.842919
2019-12-16,HUF,UYU,buy,0.127847
2019-12-16,HUF,UYU,sell,0.127847
2019-12-16,INR,UYU,buy,0.531348
2019-12-16,INR,UYU,sell,0.531348
2019-12-16,ISK,UYU,buy,0.30739
2019-12-16,ISK,UYU,sell,0.30739
2019-12-16,JPY,UYU,buy,0.344258
2019-12-16,JPY,UYU,sell,0.344258
2019-12-16,KRW,UYU,buy,0.032186
2019-12-16,KRW,UYU,sell,0.032186
2019-12-16,MXN,UYU,buy,1.990714
2019-12-16,MXN,UYU,sell,1.990714
2019-12-16,MYR,UYU,buy,9.107236
2019-12-16,MYR,UYU,sell,9.107236
2019-12-16,NOK,UYU,buy,4.189179
2019-12-16,NOK,UYU,sell,4.189179
2019-12-16,NZD,UYU,buy,24.906799
2019-12-16,NZD,UYU,sell,24.906799
2019-12-16,PEN,UYU,buy,11.255668
2019-12-16,PEN,UYU,sell,11.255668
2019-12-16,PYG,UYU,buy,0.005845
2019-12-16,PYG,UYU,sell,0.005845
2019-12-16,RUB,UYU,buy,0.604552
2019-12-16,RUB,UYU,sell,0.604552
2019-12-16,SEK,UYU,buy,4.032664
2019-12-16,SEK,UYU,sell,4.032664
2019-12-16,TRY,UYU,buy,6.451442
2019-12-16,TRY,UYU,sell,6.451442
2019-12-16,USD,UYU,buy,37.729
2019-12-16,USD,UYU,sell,37.729
2019-12-16,VES,UYU,buy,0.000816
2019-12-16,VES,UYU,sell,0.000816
2019-12-16,XDR,UYU,buy,52.159211
2019-12-16,XDR,UYU,sell,52.159211
2019-12-16,ZAR,UYU,buy,2.62821
2019-12-16,ZAR,UYU,sell,2.62821
2019-12-17,ARS,UYU,buy,0.630249
2019-12-17,ARS,UYU,sell,0.630249
2019-12-17,AUD,UYU,buy,25.81062
2019-12-17,AUD,UYU,sell,25.81062
2019-12-17,BRL,UYU,buy,9.266069
2019-12-17,BRL,UYU,sell,9.266069
2019-12-17,CAD,UYU,buy,28.621645
2019-12-17,CAD,UYU,sell,28.621645
2019-12-17,CHF,UYU,buy,38.450711
2019-12-17,CHF,UYU,sell,38.450711
2019-12-17,CLP,UYU,buy,0.049856
2019-12-17,CLP,UYU,sell,0.049856
2019-12-17,CNY,UYU,buy,5.387958
2019-12-17,CNY,UYU,sell,5.387958
2019-12-17,COP,UYU,buy,0.01128
2019-12-17,COP,UYU,sell,0.01128
2019-12-17,DKK,UYU,buy,5.624869
2019-12-17,DKK,UYU,sell,5.624869
2019-12-17,EUR,UYU,buy,42.034385
2019-12-17,EUR,UYU,sell,42.034385
2019-12-17,GBP,UYU,buy,49.446008
2019-12-17,GBP,UYU,sell,49.446008
2019-12-17,HKD,UYU,buy,4.840342
2019-12-17,HKD,UYU,sell,4.840342
2019-12-17,HUF,UYU,buy,0.127314
2019-12-17,HUF,UYU,sell,0.127314
2019-12-17,INR,UYU,buy,0.531159
2019-12-17,INR,UYU,sell,0.531159
2019-12-17,ISK,UYU,buy,0.306808
2019-12-17,ISK,UYU,sell,0.306808
2019-12-17,JPY,UYU,buy,0.344346
2019-12-17,JPY,UYU,sell,0.344346
2019-12-17,KRW,UYU,buy,0.032329
2019-12-17,KRW,UYU,sell,0.032329
2019-12-17,MXN,UYU,buy,1.992542
2019-12-17,MXN,UYU,sell,1.992542
2019-12-17,MYR,UYU,buy,9.100543
2019-12-17,MYR,UYU,sell,9.100543
2019-12-17,NOK,UYU,buy,4.17993
2019-12-17,NOK,UYU,sell,4.17993
2019-12-17,NZD,UYU,buy,24.758818
2019-12-17,NZD,UYU,sell,24.758818
2019-12-17,PEN,UYU,buy,11.286788
2019-12-17,PEN,UYU,sell,11.286788
2019-12-17,PYG,UYU,buy,0.005823
2019-12-17,PYG,UYU,sell,0.005823
2019-12-17,RUB,UYU,buy,0.603862
2019-12-17,RUB,UYU,sell,0.603862
2019-12-17,SEK,UYU,buy,4.022857
2019-12-17,SEK,UYU,sell,4.022857
2019-12-17,TRY,UYU,buy,6.409269
2019-12-17,TRY,UYU,sell,6.409269
2019-12-17,USD,UYU,buy,37.699
2019-12-17,USD,UYU,sell,37.699
2019-12-17,VES,UYU,buy,0.000814
2019-12-17,VES,UYU,sell,0.000814
2019-12-17,XDR,UYU,buy,52.0872
2019-12-17,XDR,UYU,sell,52.0872
2019-12-17,ZAR,UYU,buy,2.615961
2019-12-17,ZAR,UYU,sell,2.615961
2019-12-18,ARS,UYU,buy,0.630236
2019-12-18,ARS,UYU,sell,0.630236
2019-12-18,AUD,UYU,buy,25.836838
2019-12-18,AUD,UYU,sell,25.836838
2019-12-18,BRL,UYU,buy,9.272853
2019-12-18,BRL,UYU,sell,9.272853
2019-12-18,CAD,UYU,buy,28.759107
2019-12-18,CAD,UYU,sell,28.759107
2019-12-18,CHF,UYU,buy,38.447652
2019-12-18,CHF,UYU,sell,38.447652
2019-12-18,CLP,UYU,buy,0.050103
2019-12-18,CLP,UYU,sell,0.050103
2019-12-18,CNY,UYU,buy,5.382759
2019-12-18,CNY,UYU,sell,5.382759
2019-12-18,COP,UYU,buy,0.011332
2019-12-18,COP,UYU,sell,0.011332
2019-12-18,DKK,UYU,buy,5.607897
2019-12-18,DKK,UYU,sell,5.607897
2019-12-18,EUR,UYU,buy,41.902874
2019-12-18,EUR,UYU,sell,41.902874
2019-12-18,GBP,UYU,buy,49.289405
2019-12-18,GBP,UYU,sell,49.289405
2019-12-18,HKD,UYU,buy,4.840391
2019-12-18,HKD,UYU,sell,4.840391
2019-12-18,HUF,UYU,buy,0.126677
2019-12-18,HUF,UYU,sell,0.126677
2019-12-18,INR,UYU,buy,0.531154
2019-12-18,INR,UYU,sell,0.531154
2019-12-18,ISK,UYU,buy,0.305416
2019-12-18,ISK,UYU,sell,0.305416
2019-12-18,JPY,UYU,buy,0.343989
2019-12-18,JPY,UYU,sell,0.343989
2019-12-18,KRW,UYU,buy,0.032255
2019-12-18,KRW,UYU,sell,0.032255
2019-12-18,MXN,UYU,buy,1.987148
2019-12-18,MXN,UYU,sell,1.987148
2019-12-18,MYR,UYU,buy,9.108064
2019-12-18,MYR,UYU,sell,9.108064
2019-12-18,NOK,UYU,buy,4.182473
2019-12-18,NOK,UYU,sell,4.182473
2019-12-18,NZD,UYU,buy,24.779466
2019-12-18,NZD,UYU,sell,24.779466
2019-12-18,PEN,UYU,buy,11.288762
2019-12-18,PEN,UYU,sell,11.288762
2019-12-18,PYG,UYU,buy,0.005841
2019-12-18,PYG,UYU,sell,0.005841
2019-12-18,RUB,UYU,buy,0.601657
2019-12-18,RUB,UYU,sell,0.601657
2019-12-18,SEK,UYU,buy,4.004206
2019-12-18,SEK,UYU,sell,4.004206
2019-12-18,TRY,UYU,buy,6.357366
2019-12-18,TRY,UYU,sell,6.357366
2019-12-18,USD,UYU,buy,37.696
2019-12-18,USD,UYU,sell,37.696
2019-12-18,VES,UYU,buy,0.000814
2019-12-18,VES,UYU,sell,0.000814
2019-12-18,XDR,UYU,buy,52.000878
2019-12-18,XDR,UYU,sell,52.000878
2019-12-18,ZAR,UYU,buy,2.637356
2019-12-18,ZAR,UYU,sell,2.637356
2019-12-19,ARS,UYU,buy,0.628522
2019-12-19,ARS,UYU,sell,0.628522
2019-12-19,AUD,UYU,buy,25.889983
2019-12-19,AUD,UYU,sell,25.889983
2019-12-19,BRL,UYU,buy,9.265155
2019-12-19,BRL,UYU,sell,9.265155
2019-12-19,CAD,UYU,buy,28.649369
2019-12-19,CAD,UYU,sell,28.649369
2019-12-19,CHF,UYU,buy,38.473267
2019-12-19,CHF,UYU,sell,38.473267
2019-12-19,CLP,UYU,buy,0.049908
2019-12-19,CLP,UYU,sell,0.049908
2019-12-19,CNY,UYU,buy,5.363251
2019-12-19,CNY,UYU,sell,5.363251
2019-12-19,COP,UYU,buy,0.011343
2019-12-19,COP,UYU,sell,0.011343
2019-12-19,DKK,UYU,buy,5.598106
2019-12-19,DKK,UYU,sell,5.598106
2019-12-19,EUR,UYU,buy,41.835295
2019-12-19,EUR,UYU,sell,41.835295
2019-12-19,GBP,UYU,buy,48.965755
2019-12-19,GBP,UYU,sell,48.965755
2019-12-19,HKD,UYU,buy,4.823596
2019-12-19,HKD,UYU,sell,4.823596
2019-12-19,HUF,UYU,buy,0.126612
2019-12-19,HUF,UYU,sell,0.126612
2019-12-19,INR,UYU,buy,0.529242
2019-12-19,INR,UYU,sell,0.529242
2019-12-19,ISK,UYU,buy,0.305364
2019-12-19,ISK,UYU,sell,0.305364
2019-12-19,JPY,UYU,buy,0.344257
2019-12-19,JPY,UYU,sell,0.344257
2019-12-19,KRW,UYU,buy,0.032254
2019-12-19,KRW,UYU,sell,0.032254
2019-12-19,MXN,UYU,buy,1.983482
2019-12-19,MXN,UYU,sell,1.983482
2019-12-19,MYR,UYU,buy,9.078901
2019-12-19,MYR,UYU,sell,9.078901
2019-12-19,NOK,UYU,buy,4.190733
2019-12-19,NOK,UYU,sell,4.190733
2019-12-19,NZD,UYU,buy,24.842879
2019-12-19,NZD,UYU,sell,24.842879
2019-12-19,PEN,UYU,buy,11.276299
2019-12-19,PEN,UYU,sell,11.276299
2019-12-19,PYG,UYU,buy,0.005827
2019-12-19,PYG,UYU,sell,0.005827
2019-12-19,RUB,UYU,buy,0.602592
2019-12-19,RUB,UYU,sell,0.602592
2019-12-19,SEK,UYU,buy,3.994582
2019-12-19,SEK,UYU,sell,3.994582
2019-12-19,TRY,UYU,buy,6.326754
2019-12-19,TRY,UYU,sell,6.326754
2019-12-19,USD,UYU,buy,37.598
2019-12-19,USD,UYU,sell,37.598
2019-12-19,VES,UYU,buy,0.000785
2019-12-19,VES,UYU,sell,0.000785
2019-12-19,XDR,UYU,buy,51.861929
2019-12-19,XDR,UYU,sell,51.861929
2019-12-19,ZAR,UYU,buy,2.639707
2019-12-19,ZAR,UYU,sell,2.639707
2019-12-20,ARS,UYU,buy,0.626936
2019-12-20,ARS,UYU,sell,0.626936
2019-12-20,AUD,UYU,buy,25.86819
2019-12-20,AUD,UYU,sell,25.86819
2019-12-20,BRL,UYU,buy,9.164803
2019-12-20,BRL,UYU,sell,9.164803
2019-12-20,CAD,UYU,buy,28.469159
2019-12-20,CAD,UYU,sell,28.469159
2019-12-20,CHF,UYU,buy,38.159247
2019-12-20,CHF,UYU,sell,38.159247
2019-12-20,CLP,UYU,buy,0.049796
2019-12-20,CLP,UYU,sell,0.049796
2019-12-20,CNY,UYU,buy,5.352316
2019-12-20,CNY,UYU,sell,5.352316
2019-12-20,COP,UYU,buy,0.011257
2019-12-20,COP,UYU,sell,0.011257
2019-12-20,DKK,UYU,buy,5.556115
2019-12-20,DKK,UYU,sell,5.556115
2019-12-20,EUR,UYU,buy,41.506107
2019-12-20,EUR,UYU,sell,41.506107
2019-12-20,GBP,UYU,buy,48.785051
2019-12-20,GBP,UYU,sell,48.785051
2019-12-20,HKD,UYU,buy,4.809732
2019-12-20,HKD,UYU,sell,4.809732
2019-12-20,HUF,UYU,buy,0.12569
2019-12-20,HUF,UYU,sell,0.12569
2019-12-20,INR,UYU,buy,0.527273
2019-12-20,INR,UYU,sell,0.527273
2019-12-20,ISK,UYU,buy,0.306544
2019-12-20,ISK,UYU,sell,0.306544
2019-12-20,JPY,UYU,buy,0.342412
2019-12-20,JPY,UYU,sell,0.342412
2019-12-20,KRW,UYU,buy,0.032319
2019-12-20,KRW,UYU,sell,0.032319
2019-12-20,MXN,UYU,buy,1.981669
2019-12-20,MXN,UYU,sell,1.981669
2019-12-20,MYR,UYU,buy,9.056025
2019-12-20,MYR,UYU,sell,9.056025
2019-12-20,NOK,UYU,buy,4.179572
2019-12-20,NOK,UYU,sell,4.179572
2019-12-20,NZD,UYU,buy,24.748785
2019-12-20,NZD,UYU,sell,24.748785
2019-12-20,PEN,UYU,buy,11.312348
2019-12-20,PEN,UYU,sell,11.312348
2019-12-20,PYG,UYU,buy,0.005804
2019-12-20,PYG,UYU,sell,0.005804
2019-12-20,RUB,UYU,buy,0.602477
2019-12-20,RUB,UYU,sell,0.602477
2019-12-20,SEK,UYU,buy,3.982456
2019-12-20,SEK,UYU,sell,3.982456
2019-12-20,TRY,UYU,buy,6.320802
2019-12-20,TRY,UYU,sell,6.320802
2019-12-20,USD,UYU,buy,37.501
2019-12-20,USD,UYU,sell,37.501
2019-12-20,VES,UYU,buy,0.000796
2019-12-20,VES,UYU,sell,0.000796
2019-12-20,XDR,UYU,buy,51.664378
2019-12-20,XDR,UYU,sell,51.664378
2019-12-20,ZAR,UYU,buy,2.630846
2019-12-20,ZAR,UYU,sell,2.630846
2019-12-23,ARS,UYU,buy,0.618681
2019-12-23,ARS,UYU,sell,0.618681
2019-12-23,AUD,UYU,buy,25.674301
2019-12-23,AUD,UYU,sell,25.674301
2019-12-23,BRL,UYU,buy,9.102503
2019-12-23,BRL,UYU,sell,9.102503
2019-12-23,CAD,UYU,buy,28.229701
2019-12-23,CAD,UYU,sell,28.229701
2019-12-23,CHF,UYU,buy,37.812643
2019-12-23,CHF,UYU,sell,37.812643
2019-12-23,CLP,UYU,buy,0.049203
2019-12-23,CLP,UYU,sell,0.049203
2019-12-23,CNY,UYU,buy,5.292465
2019-12-23,CNY,UYU,sell,5.292465
2019-12-23,COP,UYU,buy,0.011205
2019-12-23,COP,UYU,sell,0.011205
2019-12-23,DKK,UYU,buy,5.510601
2019-12-23,DKK,UYU,sell,5.510601
2019-12-23,EUR,UYU,buy,41.164247
2019-12-23,EUR,UYU,sell,41.164247
2019-12-23,GBP,UYU,buy,48.01382
2019-12-23,GBP,UYU,sell,48.01382
2019-12-23,HKD,UYU,buy,4.767104
2019-12-23,HKD,UYU,sell,4.767104
2019-12-23,HUF,UYU,buy,0.12433
2019-12-23,HUF,UYU,sell,0.12433
2019-12-23,INR,UYU,buy,0.521324
2019-12-23,INR,UYU,sell,0.521324
2019-12-23,ISK,UYU,buy,0.303562
2019-12-23,ISK,UYU,sell,0.303562
2019-12-23,JPY,UYU,buy,0.339275
2019-12-23,JPY,UYU,sell,0.339275
2019-12-23,KRW,UYU,buy,0.031884
2019-12-23,KRW,UYU,sell,0.031884
2019-12-23,MXN,UYU,buy,1.959915
2019-12-23,MXN,UYU,sell,1.959915
2019-12-23,MYR,UYU,buy,8.959025
2019-12-23,MYR,UYU,sell,8.959025
2019-12-23,NOK,UYU,buy,4.143363
2019-12-23,NOK,UYU,sell,4.143363
2019-12-23,NZD,UYU,buy,24.616524
2019-12-23,NZD,UYU,sell,24.616524
2019-12-23,PEN,UYU,buy,11.18427
2019-12-23,PEN,UYU,sell,11.18427
2019-12-23,PYG,UYU,buy,0.00576
2019-12-23,PYG,UYU,sell,0.00576
2019-12-23,RUB,UYU,buy,0.596567
2019-12-23,RUB,UYU,sell,0.596567
2019-12-23,SEK,UYU,buy,3.931445
2019-12-23,SEK,UYU,sell,3.931445
2019-12-23,TRY,UYU,buy,6.238916
2019-12-23,TRY,UYU,sell,6.238916
2019-12-23,USD,UYU,buy,37.087
2019-12-23,USD,UYU,sell,37.087
2019-12-23,VES,UYU,buy,0.000788
2019-12-23,VES,UYU,sell,0.000788
2019-12-23,XDR,UYU,buy,51.091767
2019-12-23,XDR,UYU,sell,51.091767
2019-12-23,ZAR,UYU,buy,2.609717
2019-12-23,ZAR,UYU,sell,2.609717
2019-12-24,ARS,UYU,buy,0.616764
2019-12-24,ARS,UYU,sell,0.616764
2019-12-24,AUD,UYU,buy,25.60215
2019-12-24,AUD,UYU,sell,25.60215
2019-12-24,BRL,UYU,buy,9.060189
2019-12-24,BRL,UYU,sell,9.060189
2019-12-24,CAD,UYU,buy,28.11657
2019-12-24,CAD,UYU,sell,28.11657
2019-12-24,CHF,UYU,buy,37.691642
2019-12-24,CHF,UYU,sell,37.691642
2019-12-24,CLP,UYU,buy,0.049289
2019-12-24,CLP,UYU,sell,0.049289
2019-12-24,CNY,UYU,buy,5.280057
2019-12-24,CNY,UYU,sell,5.280057
2019-12-24,COP,UYU,buy,0.011192
2019-12-24,COP,UYU,sell,0.011192
2019-12-24,DKK,UYU,buy,5.486928
2019-12-24,DKK,UYU,sell,5.486928
2019-12-24,EUR,UYU,buy,40.99415
2019-12-24,EUR,UYU,sell,40.99415
2019-12-24,GBP,UYU,buy,47.91315
2019-12-24,GBP,UYU,sell,47.91315
2019-12-24,HKD,UYU,buy,4.751234
2019-12-24,HKD,UYU,sell,4.751234
2019-12-24,HUF,UYU,buy,0.123498
2019-12-24,HUF,UYU,sell,0.123498
2019-12-24,INR,UYU,buy,0.519143
2019-12-24,INR,UYU,sell,0.519143
2019-12-24,ISK,UYU,buy,0.302325
2019-12-24,ISK,UYU,sell,0.302325
2019-12-24,JPY,UYU,buy,0.338208
2019-12-24,JPY,UYU,sell,0.338208
2019-12-24,KRW,UYU,buy,0.031795
2019-12-24,KRW,UYU,sell,0.031795
2019-12-24,MXN,UYU,buy,1.953321
2019-12-24,MXN,UYU,sell,1.953321
2019-12-24,MYR,UYU,buy,8.945301
2019-12-24,MYR,UYU,sell,8.945301
2019-12-24,NOK,UYU,buy,4.139721
2019-12-24,NOK,UYU,sell,4.139721
2019-12-24,NZD,UYU,buy,24.52545
2019-12-24,NZD,UYU,sell,24.52545
2019-12-24,PEN,UYU,buy,11.163071
2019-12-24,PEN,UYU,sell,11.163071
2019-12-24,PYG,UYU,buy,0.005722
2019-12-24,PYG,UYU,sell,0.005722
2019-12-24,RUB,UYU,buy,0.596618
2019-12-24,RUB,UYU,sell,0.596618
2019-12-24,SEK,UYU,buy,3.921028
2019-12-24,SEK,UYU,sell,3.921028
2019-12-24,TRY,UYU,buy,6.21901
2019-12-24,TRY,UYU,sell,6.21901
2019-12-24,USD,UYU,buy,36.972
2019-12-24,USD,UYU,sell,36.972
2019-12-24,VES,UYU,buy,0.000785
2019-12-24,VES,UYU,sell,0.000785
2019-12-24,XDR,UYU,buy,50.91644
2019-12-24,XDR,UYU,sell,50.91644
2019-12-24,ZAR,UYU,buy,2.611427
2019-12-24,ZAR,UYU,sell,2.611427
2019-12-26,ARS,UYU,buy,0.618555
2019-12-26,ARS,UYU,sell,0.618555
2019-12-26,AUD,UYU,buy,25.727057
2019-12-26,AUD,UYU,sell,25.727057
2019-12-26,BRL,UYU,buy,9.120146
2019-12-26,BRL,UYU,sell,9.120146
2019-12-26,CAD,UYU,buy,28.251268
2019-12-26,CAD,UYU,sell,28.251268
2019-12-26,CHF,UYU,buy,37.774491
2019-12-26,CHF,UYU,sell,37.774491
2019-12-26,CLP,UYU,buy,0.049654
2019-12-26,CLP,UYU,sell,0.049654
2019-12-26,CNY,UYU,buy,5.293504
2019-12-26,CNY,UYU,sell,5.293504
2019-12-26,COP,UYU,buy,0.011261
2019-12-26,COP,UYU,sell,0.011261
2019-12-26,DKK,UYU,buy,5.506516
2019-12-26,DKK,UYU,sell,5.506516
2019-12-26,EUR,UYU,buy,41.143292
2019-12-26,EUR,UYU,sell,41.143292
2019-12-26,GBP,UYU,buy,48.196799
2019-12-26,GBP,UYU,sell,48.196799
2019-12-26,HKD,UYU,buy,4.755247
2019-12-26,HKD,UYU,sell,4.755247
2019-12-26,HUF,UYU,buy,0.12439
2019-12-26,HUF,UYU,sell,0.12439
2019-12-26,INR,UYU,buy,0.519321
2019-12-26,INR,UYU,sell,0.519321
2019-12-26,ISK,UYU,buy,0.303412
2019-12-26,ISK,UYU,sell,0.303412
2019-12-26,JPY,UYU,buy,0.337858
2019-12-26,JPY,UYU,sell,0.337858
2019-12-26,KRW,UYU,buy,0.031876
2019-12-26,KRW,UYU,sell,0.031876
2019-12-26,MXN,UYU,buy,1.954489
2019-12-26,MXN,UYU,sell,1.954489
2019-12-26,MYR,UYU,buy,8.959419
2019-12-26,MYR,UYU,sell,8.959419
2019-12-26,NOK,UYU,buy,4.174717
2019-12-26,NOK,UYU,sell,4.174717
2019-12-26,NZD,UYU,buy,24.727085
2019-12-26,NZD,UYU,sell,24.727085
2019-12-26,PEN,UYU,buy,11.15727
2019-12-26,PEN,UYU,sell,11.15727
2019-12-26,PYG,UYU,buy,0.005711
2019-12-26,PYG,UYU,sell,0.005711
2019-12-26,RUB,UYU,buy,0.595742
2019-12-26,RUB,UYU,sell,0.595742
2019-12-26,SEK,UYU,buy,3.939853
2019-12-26,SEK,UYU,sell,3.939853
2019-12-26,TRY,UYU,buy,6.24311
2019-12-26,TRY,UYU,sell,6.24311
2019-12-26,USD,UYU,buy,37.008
2019-12-26,USD,UYU,sell,37.008
2019-12-26,VES,UYU,buy,0.000814
2019-12-26,VES,UYU,sell,0.000814
2019-12-26,XDR,UYU,buy,51.021164
2019-12-26,XDR,UYU,sell,51.021164
2019-12-26,ZAR,UYU,buy,2.620524
2019-12-26,ZAR,UYU,sell,2.620524
2019-12-27,ARS,UYU,buy,0.621202
2019-12-27,ARS,UYU,sell,0.621202
2019-12-27,AUD,UYU,buy,25.914921
2019-12-27,AUD,UYU,sell,25.914921
2019-12-27,BRL,UYU,buy,9.183285
2019-12-27,BRL,UYU,sell,9.183285
2019-12-27,CAD,UYU,buy,28.431965
2019-12-27,CAD,UYU,sell,28.431965
2019-12-27,CHF,UYU,buy,38.17164
2019-12-27,CHF,UYU,sell,38.17164
2019-12-27,CLP,UYU,buy,0.04973
2019-12-27,CLP,UYU,sell,0.04973
2019-12-27,CNY,UYU,buy,5.31212
2019-12-27,CNY,UYU,sell,5.31212
2019-12-27,COP,UYU,buy,0.011257
2019-12-27,COP,UYU,sell,0.011257
2019-12-27,DKK,UYU,buy,5.56434
2019-12-27,DKK,UYU,sell,5.56434
2019-12-27,EUR,UYU,buy,41.55269
2019-12-27,EUR,UYU,sell,41.55269
2019-12-27,GBP,UYU,buy,48.67293
2019-12-27,GBP,UYU,sell,48.67293
2019-12-27,HKD,UYU,buy,4.772221
2019-12-27,HKD,UYU,sell,4.772221
2019-12-27,HUF,UYU,buy,0.125717
2019-12-27,HUF,UYU,sell,0.125717
2019-12-27,INR,UYU,buy,0.520804
2019-12-27,INR,UYU,sell,0.520804
2019-12-27,ISK,UYU,buy,0.305923
2019-12-27,ISK,UYU,sell,0.305923
2019-12-27,JPY,UYU,buy,0.339456
2019-12-27,JPY,UYU,sell,0.339456
2019-12-27,KRW,UYU,buy,0.032001
2019-12-27,KRW,UYU,sell,0.032001
2019-12-27,MXN,UYU,buy,1.973223
2019-12-27,MXN,UYU,sell,1.973223
2019-12-27,MYR,UYU,buy,9.004058
2019-12-27,MYR,UYU,sell,9.004058
2019-12-27,NOK,UYU,buy,4.208869
2019-12-27,NOK,UYU,sell,4.208869
2019-12-27,NZD,UYU,buy,24.907831
2019-12-27,NZD,UYU,sell,24.907831
2019-12-27,PEN,UYU,buy,11.211102
2019-12-27,PEN,UYU,sell,11.211102
2019-12-27,PYG,UYU,buy,0.005737
2019-12-27,PYG,UYU,sell,0.005737
2019-12-27,RUB,UYU,buy,0.59856
2019-12-27,RUB,UYU,sell,0.59856
2019-12-27,SEK,UYU,buy,3.981529
2019-12-27,SEK,UYU,sell,3.981529
2019-12-27,TRY,UYU,buy,6.237799
2019-12-27,TRY,UYU,sell,6.237799
2019-12-27,USD,UYU,buy,37.134
2019-12-27,USD,UYU,sell,37.134
2019-12-27,VES,UYU,buy,0.000817
2019-12-27,VES,UYU,sell,0.000817
2019-12-27,XDR,UYU,buy,51.289506
2019-12-27,XDR,UYU,sell,51.289506
2019-12-27,ZAR,UYU,buy,2.648215
2019-12-27,ZAR,UYU,sell,2.648215
2019-12-30,ARS,UYU,buy,0.623593
2019-12-30,ARS,UYU,sell,0.623593
2019-12-30,AUD,UYU,buy,26.137067
2019-12-30,AUD,UYU,sell,26.137067
2019-12-30,BRL,UYU,buy,9.293689
2019-12-30,BRL,UYU,sell,9.293689
2019-12-30,CAD,UYU,buy,28.595719
2019-12-30,CAD,UYU,sell,28.595719
2019-12-30,CHF,UYU,buy,38.548345
2019-12-30,CHF,UYU,sell,38.548345
2019-12-30,CLP,UYU,buy,0.049657
2019-12-30,CLP,UYU,sell,0.049657
2019-12-30,CNY,UYU,buy,5.345934
2019-12-30,CNY,UYU,sell,5.345934
2019-12-30,COP,UYU,buy,0.011366
2019-12-30,COP,UYU,sell,0.011366
2019-12-30,DKK,UYU,buy,5.599994
2019-12-30,DKK,UYU,sell,5.599994
2019-12-30,EUR,UYU,buy,41.829388
2019-12-30,EUR,UYU,sell,41.829388
2019-12-30,GBP,UYU,buy,48.975498
2019-12-30,GBP,UYU,sell,48.975498
2019-12-30,HKD,UYU,buy,4.794781
2019-12-30,HKD,UYU,sell,4.794781
2019-12-30,HUF,UYU,buy,0.126415
2019-12-30,HUF,UYU,sell,0.126415
2019-12-30,INR,UYU,buy,0.523536
2019-12-30,INR,UYU,sell,0.523536
2019-12-30,ISK,UYU,buy,0.307913
2019-12-30,ISK,UYU,sell,0.307913
2019-12-30,JPY,UYU,buy,0.343083
2019-12-30,JPY,UYU,sell,0.343083
2019-12-30,KRW,UYU,buy,0.032293
2019-12-30,KRW,UYU,sell,0.032293
2019-12-30,MXN,UYU,buy,1.973805
2019-12-30,MXN,UYU,sell,1.973805
2019-12-30,MYR,UYU,buy,9.090821
2019-12-30,MYR,UYU,sell,9.090821
2019-12-30,NOK,UYU,buy,4.239018
2019-12-30,NOK,UYU,sell,4.239018
2019-12-30,NZD,UYU,buy,25.132728
2019-12-30,NZD,UYU,sell,25.132728
2019-12-30,PEN,UYU,buy,11.254427
2019-12-30,PEN,UYU,sell,11.254427
2019-12-30,PYG,UYU,buy,0.005775
2019-12-30,PYG,UYU,sell,0.005775
2019-12-30,RUB,UYU,buy,0.602077
2019-12-30,RUB,UYU,sell,0.602077
2019-12-30,SEK,UYU,buy,3.997644
2019-12-30,SEK,UYU,sell,3.997644
2019-12-30,TRY,UYU,buy,6.278915
2019-12-30,TRY,UYU,sell,6.278915
2019-12-30,USD,UYU,buy,37.308
2019-12-30,USD,UYU,sell,37.308
2019-12-30,VES,UYU,buy,0.000815
2019-12-30,VES,UYU,sell,0.000815
2019-12-30,XDR,UYU,buy,51.629341
2019-12-30,XDR,UYU,sell,51.629341
2019-12-30,ZAR,UYU,buy,2.647202
2019-12-30,ZAR,UYU,sell,2.647202
